-0.293 -0.223 3.373 2.046 -3.208 42.257
0.085 -0.315 2.920 -5.429 -7.521 33.946
0.170 -1.048 3.374 4.032 -3.284 35.704
0.099 -0.462 3.372 2.199 -2.307 34.792
-0.093 -0.068 3.512 0.388 0.399 42.379
0.815 0.508 3.225 0.751 0.909 31.597
0.492 -0.277 3.065 -2.475 17.563 31.374
-0.788 -0.561 3.199 2.193 3.143 29.210
-0.276 -0.283 3.345 4.613 5.322 30.490
0.952 0.533 3.164 -1.307 9.545 29.724
-1.046 -0.194 3.308 -4.891 -2.355 37.333
0.053 -0.268 3.381 1.959 -6.552 40.406
0.150 -0.805 3.269 0.148 -0.531 31.632
-0.319 -0.306 3.277 0.763 -0.691 34.976
0.189 -0.052 3.497 -0.211 -6.507 41.622
0.956 -0.192 3.145 1.079 0.701 33.400
-0.350 0.302 3.088 -3.114 7.173 29.879
-0.173 -0.239 3.121 -3.525 3.910 34.134
0.740 -0.373 3.372 1.837 3.955 32.222
-0.530 -0.412 3.340 -0.328 10.286 34.227
-0.642 0.544 2.890 4.276 7.252 29.071
-0.275 -0.103 3.591 -0.982 -0.963 39.026
0.195 -0.638 3.223 -3.258 -2.657 36.486
-0.078 -0.808 3.326 2.150 -2.449 31.635
-0.063 -0.074 3.341 -0.284 -4.105 40.480
0.411 -0.310 3.222 -0.928 -5.906 41.380
