-0.153 -0.049 0.351 9.825 -9.225 -2.659
0.323 -0.283 -0.005 0.415 -8.875 -0.831
-0.054 -0.207 0.524 9.668 -8.392 -1.330
0.410 -0.110 0.053 3.729 -14.558 -0.489
0.051 0.018 0.020 -0.988 -17.274 0.642
0.885 -0.261 0.241 -12.703 -18.588 0.119
-0.392 -0.185 0.016 -7.408 1.640 0.017
0.731 -0.176 0.232 -2.339 -15.483 8.013
0.157 -0.210 -0.046 0.128 -8.379 0.794
0.173 -0.117 -0.281 -0.054 -11.863 -4.829
-0.254 0.102 0.176 12.261 -15.839 16.414
-0.180 -0.112 0.444 6.653 -12.189 -0.974
-0.067 -0.147 0.232 1.621 -15.594 2.207
-0.295 -0.133 0.107 -0.999 -16.696 2.853
-0.133 -0.267 -0.023 -4.664 -20.747 -3.937
0.044 -0.154 0.075 -12.711 -11.781 1.586
-0.154 0.206 0.156 -11.258 -16.048 19.575
-0.796 -0.017 0.154 0.826 -7.245 3.824
-0.219 -0.302 0.569 11.008 -13.929 -1.851
-0.020 0.039 0.488 8.467 -14.978 6.328
0.582 -0.188 0.423 3.698 -7.623 5.555
-0.526 -0.006 0.024 17.269 -15.754 3.217
-0.223 -0.076 0.090 2.036 -21.298 -3.021
-0.227 0.054 0.233 1.397 -12.991 1.128
-0.599 -0.222 0.001 -3.305 -17.849 -0.617
-0.076 -0.085 0.179 -6.839 -10.603 1.690
0.882 -0.132 0.402 -8.053 -8.092 -2.151
