0.319 0.874 3.073 3.493 8.028 37.088
-0.241 1.688 3.461 2.187 10.363 36.895
-0.614 0.290 3.027 -0.712 3.974 28.466
0.270 0.247 3.365 -0.354 -2.200 42.115
0.149 -0.334 3.146 0.067 1.192 33.985
0.339 -0.486 3.481 -2.485 -4.153 38.629
-0.003 -0.445 3.349 1.087 -2.055 35.778
-0.112 -0.695 3.384 0.029 -1.038 34.540
0.283 0.730 3.249 0.127 -1.502 34.888
0.409 0.009 2.859 4.328 7.572 28.709
-0.460 2.806 5.579 1.870 43.315 16.763
-0.529 2.693 3.011 -10.689 -0.594 30.350
-0.290 -0.384 3.003 0.393 2.421 32.118
1.471 0.218 3.530 2.244 0.862 30.115
-0.450 -0.181 3.369 0.592 3.037 32.427
0.392 -0.340 3.337 -1.150 0.847 38.256
0.498 -0.336 3.466 1.945 7.135 32.665
-1.203 -0.062 3.487 -3.294 2.507 35.256
-0.250 -0.572 3.080 -2.210 4.303 32.685
0.499 2.040 2.956 9.426 -5.803 29.613
-0.202 2.828 5.091 2.766 39.319 17.877
0.069 -0.153 2.946 -9.891 12.097 27.217
-0.634 0.765 3.188 0.813 -7.769 35.208
0.400 -0.782 3.210 -0.064 -0.168 32.518
-0.164 -0.582 3.511 0.071 -0.193 38.760
-0.293 -0.548 3.323 -0.306 -0.634 36.263
-0.372 -0.396 3.285 0.648 -5.502 41.119
-0.349 -0.009 3.164 -3.720 -1.283 38.945
0.861 -0.122 3.158 4.612 -1.736 30.532
0.437 1.357 3.403 -2.190 2.016 31.699
-0.291 0.363 3.286 -0.781 1.515 41.590
