-1.040 -0.422 -0.274 -9.837 2.625 0.096
-0.056 0.435 -0.436 4.656 -0.536 5.265
0.524 0.158 -0.317 3.577 -8.747 4.581
-0.095 -0.043 -0.180 11.616 -20.089 -4.491
0.072 -0.078 0.000 6.648 -22.187 1.784
-0.094 -0.022 -0.151 8.075 -8.819 -3.937
0.265 -0.087 0.223 1.758 -13.646 4.302
0.038 -0.089 0.257 -3.861 -15.736 3.429
-0.020 -0.012 0.161 -5.499 -12.263 1.867
-0.586 -0.063 0.282 2.505 -0.687 4.095
0.434 -0.124 -0.480 21.360 0.097 6.583
0.161 0.069 -0.341 -26.406 1.547 -13.484
0.362 0.172 -0.082 -8.299 -9.932 0.562
0.185 -0.102 -0.196 3.652 -7.551 0.987
-0.139 -0.192 -0.078 -3.103 -3.384 -2.470
-0.561 -0.198 0.002 -0.531 -9.357 -1.337
0.082 0.109 0.155 1.570 -6.876 2.566
0.013 -0.004 -0.101 0.177 -8.832 3.908
-0.023 -0.108 -0.162 -7.309 -13.712 0.146
-0.027 0.186 -0.052 1.769 -17.752 -2.539
-0.896 -0.126 -0.655 19.303 -2.190 -8.550
-0.405 -0.284 -0.901 -21.066 -11.382 7.956
0.577 -0.159 0.380 -4.582 6.195 3.549
-0.149 0.162 0.052 5.102 -13.477 -3.259
-0.300 0.243 0.222 6.957 -16.473 0.426
-0.215 0.144 0.300 -4.793 -17.660 1.441
-0.290 -0.090 0.274 -10.302 -18.940 -0.955
0.614 0.068 -0.004 -10.524 -13.126 -0.642
0.543 -0.142 0.056 -9.007 -15.394 -15.526
0.224 -0.210 -0.109 -1.908 -3.289 0.460
-0.333 -0.103 0.210 5.042 1.192 0.657
1.197 0.092 0.328 8.970 -9.076 -1.223
