0.181 -1.440 3.298 5.416 17.391 24.940
0.817 -0.738 3.442 -4.621 -4.020 34.261
-1.248 -1.453 3.168 3.522 9.196 29.088
0.612 -1.164 3.414 4.289 10.751 28.280
-0.553 -0.326 3.093 -1.620 1.727 36.398
0.962 -0.409 3.599 2.335 5.287 32.862
-1.070 -0.685 2.945 -1.721 4.689 19.857
1.085 0.764 3.385 -0.763 0.427 34.748
-1.136 0.227 3.192 -0.173 -3.931 41.414
0.604 -0.250 4.064 0.242 5.251 48.156
0.416 0.536 3.013 -0.994 -5.584 39.478
-1.019 0.415 3.227 -1.117 1.790 30.706
0.678 -0.750 3.031 3.644 2.947 23.572
-0.691 -0.421 3.474 -3.959 4.274 34.353
0.434 -0.611 3.148 4.151 1.239 33.346
-0.467 -1.552 3.525 -3.991 10.650 31.397
0.734 -1.369 3.000 -3.521 10.872 27.450
-0.820 -0.983 3.474 3.042 -0.115 33.228
-0.207 -0.951 3.352 -5.019 13.029 31.964
