0.919 0.022 0.132 7.849 -9.256 5.175
-0.231 -0.099 -0.419 -4.178 -0.300 7.034
1.547 -0.630 0.250 -2.760 -10.635 4.435
-0.630 -0.181 0.171 -4.561 -5.437 -7.476
-0.542 0.322 -0.647 -10.775 -2.534 7.025
0.471 0.030 -0.360 -2.375 -4.471 -4.774
0.051 -0.420 -0.281 -12.429 -3.634 5.416
-1.539 -0.044 -0.360 0.331 -13.368 -3.426
-0.651 -0.559 -0.099 8.657 5.208 2.325
0.064 -0.099 -0.069 15.503 -15.965 -9.098
0.051 -0.353 0.072 -22.443 -24.142 -1.901
0.912 -0.638 -0.026 -9.125 -0.191 1.911
1.149 -0.096 0.080 -1.457 -10.384 -2.102
0.125 -0.249 -0.230 10.325 -2.987 -0.318
-0.199 0.037 0.092 4.168 -2.459 -6.382
0.331 0.659 -0.526 13.167 -4.619 4.679
0.977 -0.276 0.067 0.731 -6.361 -3.581
-1.186 -0.705 0.380 4.977 -14.643 -3.523
0.061 -0.375 -0.182 1.692 -3.730 3.113
0.404 -0.369 0.168 -7.621 -8.145 5.621
