-0.367 -0.262 -0.312 3.179 -9.177 -1.257
0.260 -0.079 -0.084 1.612 -15.317 1.842
-0.117 -0.155 0.294 11.931 -17.000 -0.853
-0.163 -0.257 -0.221 7.178 -15.517 -1.996
-0.239 -0.136 0.173 -2.352 -16.953 -2.605
0.663 -0.289 0.301 -13.495 -17.473 3.241
-0.925 -0.231 0.348 -5.316 -5.232 4.234
0.348 -0.350 0.443 -3.891 -17.006 -0.278
-0.712 0.017 0.281 -10.667 -12.302 0.672
0.377 -0.186 -0.165 0.401 -14.721 -1.772
-0.588 0.066 0.206 12.125 -15.067 14.950
-0.139 -0.182 0.066 9.537 -15.798 -0.799
-0.552 -0.162 0.022 0.222 -13.964 0.211
-0.331 -0.256 0.062 0.313 -14.299 0.094
0.103 -0.207 -0.330 1.682 -19.985 0.488
0.031 -0.226 -0.121 -7.774 -11.192 -3.096
0.396 -0.301 -0.261 -15.040 -6.143 2.349
0.107 0.271 -0.228 0.330 -11.819 8.072
-0.252 -0.092 0.842 16.107 -15.082 0.381
-0.708 0.016 1.003 16.476 -8.477 5.112
0.787 -0.231 0.017 11.201 -6.773 2.581
-0.413 0.122 0.450 24.473 -14.763 1.349
0.068 -0.244 0.093 8.277 -18.988 0.604
0.109 -0.280 -0.107 -5.011 -14.412 -2.751
-0.536 -0.161 0.404 -7.941 -17.857 1.282
-0.242 0.001 0.122 -6.252 -11.769 5.188
0.833 -0.250 -0.246 -5.408 -12.911 -7.174
