-0.148 -0.082 3.275 -2.234 -2.545 40.809
0.065 -0.285 2.893 -3.680 -7.038 33.633
0.129 -0.758 3.317 4.130 -3.122 33.990
0.199 -0.634 3.470 0.652 -1.573 36.070
0.311 -0.024 3.410 2.103 2.874 43.156
0.435 0.412 3.158 -2.659 1.465 26.793
0.273 -0.441 3.233 -2.564 13.196 35.031
-0.468 -0.951 3.394 1.680 5.385 26.936
-0.236 -0.239 3.045 3.517 2.712 35.781
1.124 0.451 3.177 -0.455 9.238 25.795
-1.104 0.057 3.249 -1.830 -3.367 40.035
-0.065 -0.331 3.434 -0.413 -2.026 38.168
0.088 -0.490 3.283 -0.426 -3.928 36.770
-0.240 -0.403 3.112 3.485 0.373 36.365
0.235 0.006 3.445 -1.095 -4.377 40.715
0.593 -0.179 3.469 3.030 -0.184 36.672
-0.026 0.590 3.105 0.621 8.605 28.409
0.023 -0.442 2.771 -8.868 5.158 29.067
0.715 -0.597 3.233 -0.939 1.708 31.580
-0.474 -0.558 3.375 8.809 8.736 35.615
-0.462 0.629 2.876 -0.112 7.574 32.219
0.004 -0.216 3.668 1.539 -1.014 38.731
-0.327 -0.518 3.530 -2.120 2.476 34.734
-0.066 -0.802 3.301 -3.040 -5.958 32.170
-0.078 -0.217 3.149 1.420 -3.584 38.189
-0.332 -0.098 3.120 0.788 -3.113 44.622
