-0.279 0.156 2.975 -4.979 -4.968 42.951
0.099 -0.385 2.983 -6.693 -4.818 36.272
0.238 -0.905 3.551 1.720 -3.947 33.644
-0.111 -0.637 3.292 1.856 -1.863 36.572
0.133 -0.064 3.446 3.432 0.530 37.818
0.361 0.302 2.968 -8.842 5.069 33.218
0.207 -0.786 3.415 0.353 10.294 29.927
-0.520 -0.504 3.451 1.476 6.254 32.866
-0.179 -0.484 3.534 1.668 1.310 34.248
0.920 0.842 2.997 4.122 11.909 21.830
-0.943 0.151 3.189 -5.775 0.161 43.933
0.473 -0.392 3.268 1.291 1.978 24.899
-0.279 -0.083 3.586 -1.840 -4.050 40.400
0.092 0.049 3.624 2.070 3.448 47.370
-0.798 -0.123 2.937 -4.111 -3.429 27.850
0.881 -0.050 3.699 3.454 1.967 43.341
0.154 0.905 2.984 -2.183 12.863 26.830
-0.212 -0.145 3.145 -8.719 2.747 33.142
0.546 -0.665 3.396 3.102 7.933 29.577
-0.734 -0.307 3.452 4.252 13.877 30.596
-0.236 0.589 3.041 -4.627 5.998 33.349
-0.480 0.043 3.385 -1.800 -0.905 40.126
-0.302 -0.740 3.484 -2.264 -4.554 34.036
-0.033 -0.651 3.313 3.314 -1.727 36.164
-0.351 -0.269 3.206 -0.949 -3.635 34.352
0.098 -0.006 3.130 4.230 -7.385 41.352
