-0.476 -0.248 -0.757 0.209 -13.635 -3.139
0.493 -0.131 -0.087 8.495 -15.520 1.540
0.137 -0.180 0.560 14.063 -17.813 -3.022
0.027 -0.134 0.360 -1.368 -14.428 -0.502
0.297 -0.201 0.244 -6.014 -17.264 -0.710
0.312 -0.185 -0.141 -13.185 -11.988 3.892
-0.159 -0.169 0.543 0.671 -0.925 -0.124
0.028 -0.213 0.416 -3.124 -20.739 0.269
0.223 -0.209 0.045 -8.487 -16.898 -3.076
0.500 -0.197 0.077 -15.653 -10.353 1.672
-0.640 -0.195 -0.140 8.796 -10.067 3.256
0.349 -0.063 0.102 5.348 -9.764 -0.236
-0.876 -0.390 0.210 9.933 -1.266 -2.209
-0.976 -0.210 0.352 0.142 -10.359 -2.576
0.764 -0.098 -0.145 -13.806 -10.936 0.304
-0.938 -0.152 0.024 -0.158 -16.194 -2.893
0.237 -0.141 -0.062 -18.102 -5.832 -2.829
-0.429 -0.185 -0.250 8.740 -14.721 1.419
0.531 -0.096 0.601 20.758 -14.330 -2.446
-0.242 -0.172 0.336 17.507 -16.531 -1.435
0.611 -0.273 -0.242 10.414 -7.407 -2.171
0.108 -0.102 0.324 19.187 -10.395 1.935
0.162 0.146 0.305 15.385 -17.978 5.176
0.004 -0.180 0.336 5.373 -12.805 -0.457
0.309 -0.190 -0.152 1.185 -12.596 1.069
0.005 -0.147 -0.142 -0.768 -17.346 -1.719
0.272 -0.193 -0.598 0.928 -9.778 -5.860
