0.240 -0.130 3.250 3.380 -4.170 41.850
0.070 -0.090 3.170 -4.120 -7.030 39.440
0.180 -0.860 3.420 -1.930 -4.020 37.980
-0.030 -0.650 3.420 0.570 -0.920 35.780
-0.330 -0.270 3.360 -0.100 -3.410 39.660
0.620 0.030 2.790 -4.200 -1.910 26.430
0.150 -0.630 3.790 4.050 3.570 33.880
-0.110 -0.970 3.250 1.670 9.940 29.470
-0.010 -0.550 3.080 8.140 6.420 36.030
0.890 1.080 2.920 -3.790 10.360 32.860
-1.430 -0.120 3.340 -5.210 -1.510 30.820
0.260 -0.350 3.310 2.930 0.500 30.620
0.210 0.740 3.390 3.830 -4.480 44.650
-0.180 0.840 3.870 0.670 2.810 39.170
-0.680 0.100 3.280 -7.130 -6.860 36.630
1.140 -0.860 3.190 2.760 3.000 35.210
0.140 1.360 3.400 16.570 14.150 32.570
-0.170 -0.080 3.030 -13.610 7.160 26.810
0.710 -0.790 3.150 -3.900 0.600 26.420
0.150 -0.510 3.670 -4.020 9.370 43.020
-0.390 -0.010 2.420 6.090 1.630 27.790
0.050 -0.240 3.420 4.680 -3.740 38.160
-0.210 -0.450 3.360 1.910 -0.920 37.840
0.110 -0.510 3.340 1.160 -2.980 37.200
-0.190 -0.390 3.290 -0.170 -0.120 34.770
0.180 -0.410 3.460 -7.730 -6.700 44.120
