-1.130 -0.240 0.240 12.390 -5.390 -4.850
-0.530 0.080 0.100 10.000 -15.190 5.590
-0.180 -0.190 0.550 8.630 -12.980 1.200
0.370 -0.080 0.730 1.850 -14.930 1.850
0.210 -0.150 0.770 -8.270 -18.580 -0.890
0.450 -0.440 0.660 -15.430 -17.650 -3.990
-0.750 -0.480 0.810 5.380 -7.460 0.730
0.100 -0.090 0.410 -12.540 -14.050 -1.480
-0.180 0.090 0.550 -8.330 -3.860 -1.400
0.200 0.120 -0.270 -5.750 -9.050 1.090
0.440 0.320 0.290 17.010 -12.740 18.400
-0.170 0.050 0.460 9.490 -4.180 2.740
-0.790 -0.410 0.180 10.580 -8.680 0.620
-0.070 -0.190 0.090 8.420 -22.900 4.810
-0.920 -0.530 -0.180 -14.530 -9.670 -2.120
0.020 -0.220 0.450 -7.850 -4.120 -6.580
-0.090 0.070 0.520 -11.970 -17.980 6.790
-0.340 -0.260 -1.370 -9.990 -14.300 2.680
-0.670 -0.240 -0.110 -1.210 -7.270 1.460
-1.450 -0.320 0.480 6.560 5.590 8.580
1.180 -0.450 1.050 -7.670 2.670 6.050
-0.880 -0.030 0.830 19.070 -18.430 2.800
-0.350 0.170 0.330 10.000 -19.870 2.090
0.060 0.020 -0.060 4.360 -20.260 -0.580
0.500 -0.240 -0.100 -0.730 -20.490 -1.170
-0.180 -0.100 -0.060 -7.220 -13.640 1.110
1.160 -0.050 0.790 -11.630 -13.050 2.510
