0.456 -0.853 2.993 2.365 15.424 30.254
0.886 -1.165 3.442 -2.255 -0.314 29.751
-1.001 -1.590 3.460 2.066 7.783 30.150
0.810 -0.888 3.264 3.081 10.666 27.554
-0.487 -0.555 3.182 -2.243 1.457 37.789
0.967 -0.390 3.507 1.009 4.168 34.060
-0.529 -0.593 3.033 -0.138 4.256 22.905
-0.778 1.210 3.348 0.042 -3.649 42.512
0.405 -0.633 3.075 -1.488 1.549 28.273
-0.026 1.011 3.839 -0.735 -6.777 51.506
-0.369 -0.734 3.122 -0.177 1.892 27.210
0.757 1.208 3.249 3.326 -6.058 41.920
0.563 -0.598 2.950 -0.292 6.376 22.897
-1.067 -0.347 3.419 -1.419 3.749 34.395
0.271 -0.747 3.016 3.934 0.666 33.374
-0.380 -0.871 3.551 -3.325 12.054 31.656
1.081 -1.563 3.429 -1.516 8.060 28.792
-0.823 -1.104 3.255 2.795 1.073 30.250
-0.420 -0.796 3.187 -4.144 15.453 30.226
