0.020 0.057 0.101 0.785 -5.714 1.663
0.423 -0.200 0.082 3.757 -8.907 1.185
0.611 -0.339 0.068 1.091 -11.756 1.466
-0.259 -0.203 0.039 -6.412 -2.776 -3.402
-0.843 0.073 -0.260 -9.219 -4.428 6.606
0.626 -0.253 -0.094 0.169 -9.126 -4.534
0.046 -0.240 -0.012 -11.119 -3.686 5.746
-0.218 -0.202 0.088 0.882 -5.767 6.089
-0.073 -0.220 -0.306 3.065 -16.383 -2.437
-0.132 -0.063 0.017 12.196 -19.531 6.724
0.211 -0.078 0.295 -12.981 -18.811 5.436
0.064 -0.179 0.284 -8.534 -17.125 -1.477
0.052 -0.138 0.158 -1.762 -5.944 6.516
-0.139 -0.135 0.104 12.124 -5.367 6.392
-0.583 -0.111 0.068 1.466 -7.847 -6.019
0.065 0.064 -0.435 14.898 -6.211 -1.853
0.458 -0.064 -0.043 3.849 -3.364 -5.481
-0.475 -0.365 0.054 -0.666 -10.453 1.991
-0.174 -0.304 -0.206 1.352 -4.697 1.292
0.128 -0.231 0.142 -2.518 -6.750 2.677
