-2.70e-01 -3.70e-01 -3.40e-01 -1.14e+01 3.50e+00 -1.30e+00
-4.80e-01 7.00e-02 1.20e-01 -1.04e+01 -3.10e+00 -4.10e+00
-5.50e-01 0.00e+00 -6.70e-01 1.60e+00 -5.90e+00 3.80e+00
1.80e-01 -1.10e-01 -7.00e-02 2.60e+00 -1.05e+01 8.40e+00
2.10e-01 1.70e-01 3.30e-01 1.30e+00 -9.20e+00 5.10e+00
7.20e-01 -1.20e-01 -3.70e-01 1.56e+01 -5.20e+00 4.30e+00
7.90e-01 1.50e-01 3.60e-01 3.50e+00 -1.45e+01 3.20e+00
3.40e-01 3.30e-01 -4.90e-01 1.70e+00 -9.90e+00 -2.00e-01
-1.21e+00 6.30e-01 -3.30e-01 -4.30e+00 -6.40e+00 1.10e+01
-1.40e-01 4.00e-02 -3.60e-01 6.50e+00 9.50e+00 -5.70e+00
3.00e-02 6.20e-01 -3.40e-01 1.20e+00 -5.50e+00 -1.75e+01
8.00e-02 7.80e-01 -3.90e-01 3.00e-01 -9.30e+00 -8.80e+00
-1.70e-01 4.10e-01 1.00e-02 -5.40e+00 -1.80e+01 3.30e+00
-7.70e-01 7.00e-02 6.30e-01 -1.18e+01 -2.05e+01 -2.40e+00
-1.90e+00 -2.00e-02 2.50e-01 -1.03e+01 -5.60e+00 -2.00e-01
1.40e-01 -2.00e-01 1.16e+00 -9.60e+00 3.00e+00 -9.00e-01
-3.30e-01 -2.00e-02 1.04e+00 1.06e+01 -1.48e+01 -5.50e+00
4.80e-01 3.20e-01 6.20e-01 4.40e+00 -2.53e+01 4.00e-01
1.10e-01 6.80e-01 1.50e-01 -2.50e+00 -5.30e+00 -6.00e-01
7.50e-01 1.68e+00 1.20e-01 8.40e+00 -1.58e+01 8.10e+00
-1.30e-01 1.01e+00 2.70e-01 -7.10e+00 -3.17e+01 1.24e+01
-4.10e-01 4.90e-01 -6.70e-01 1.26e+01 -1.40e+01 -5.00e+00
-8.50e-01 1.00e-01 -1.03e+00 1.14e+01 -1.85e+01 -2.50e+00
-8.90e-01 9.90e-01 -3.70e-01 -1.88e+01 -1.66e+01 1.70e+01
-3.00e-01 5.00e-02 5.70e-01 -9.00e-01 -6.00e-01 2.00e+00
4.70e-01 -6.00e-02 -6.50e-01 2.36e+01 -9.30e+00 6.50e+00
-8.00e-02 2.00e-02 6.60e-01 2.64e+01 -2.48e+01 -4.30e+00
4.20e-01 5.00e-01 4.60e-01 1.12e+01 -3.38e+01 4.30e+00
5.70e-01 -2.30e-01 4.70e-01 1.01e+01 -2.45e+01 5.30e+00
2.20e-01 -2.00e-02 3.50e-01 2.90e+00 -9.90e+00 -2.50e+00
7.70e-01 -2.20e-01 1.50e-01 -7.30e+00 -1.08e+01 1.00e+00
-8.60e-01 3.10e-01 -6.50e-01 4.40e+00 -8.60e+00 5.00e+00
-3.80e-01 6.40e-01 -4.90e-01 -1.25e+01 -1.95e+01 1.57e+01
-1.52e+00 1.00e-02 -6.50e-01 5.80e+00 -5.10e+00 -4.70e+00
5.40e-01 2.30e-01 1.20e-01 -1.04e+01 -3.10e+00 5.00e-01
-4.90e-01 2.30e-01 -7.00e-02 -1.35e+01 -4.70e+00 4.00e-01
-5.00e-01 -1.60e-01 -1.70e-01 -1.00e+01 -1.27e+01 -4.00e-01
1.30e-01 -8.00e-02 1.10e+00 -1.21e+01 -1.02e+01 1.60e+00
1.00e-01 -2.00e-01 4.50e-01 -7.70e+00 -1.30e+01 -3.30e+00
3.60e-01 -3.00e-02 -8.50e-01 -2.60e+00 -6.70e+00 5.60e+00
-3.10e-01 2.60e-01 1.00e-01 7.90e+00 -1.91e+01 3.40e+00
5.00e-02 2.50e-01 3.80e-01 9.00e+00 -1.43e+01 7.60e+00
-2.10e-01 2.10e-01 -4.00e-02 -7.30e+00 -8.90e+00 3.60e+00
1.00e-01 6.80e-01 -4.60e-01 1.36e+01 -1.17e+01 6.10e+00
-5.00e-02 -3.10e-01 1.80e-01 6.90e+00 -8.20e+00 9.70e+00
-7.00e-02 -2.00e-02 4.60e-01 -1.24e+01 -2.33e+01 -3.40e+00
1.70e-01 1.90e-01 5.60e-01 -1.92e+01 -6.90e+00 4.90e+00
2.50e-01 -2.40e-01 3.50e-01 -3.00e-01 -3.00e+01 -6.00e-01
6.00e-01 1.00e-02 -7.40e-01 4.40e+00 -4.30e+00 5.90e+00
-3.00e-02 2.00e-02 -2.00e-01 -1.80e+00 -1.87e+01 -2.80e+00
-4.00e-02 -1.50e-01 -1.00e-02 1.02e+01 -5.00e-01 -5.00e-01
6.00e-02 2.80e-01 -8.10e-01 2.78e+01 -4.90e+00 1.90e+00
-7.00e-01 2.60e-01 -9.70e-01 1.91e+01 -7.90e+00 2.00e-01
-4.80e-01 -6.40e-01 -1.24e+00 -3.50e+00 -1.88e+01 6.00e-01
1.61e+00 -1.50e-01 -4.10e-01 -1.60e+00 -1.58e+01 1.03e+01
-1.90e-01 7.40e-01 -3.10e-01 -6.70e+00 -2.15e+01 4.50e+00
-1.20e-01 5.30e-01 1.00e-02 -1.80e+01 -1.11e+01 -1.20e+00
8.90e-01 1.19e+00 -2.80e-01 -1.85e+01 -6.40e+00 2.50e+00
-8.40e-01 -6.60e-01 2.13e+00 1.34e+01 -2.50e+01 -1.17e+01
-8.20e-01 1.30e-01 -2.00e-02 1.58e+01 1.39e+01 4.50e+00
1.24e+00 2.00e-01 -1.01e+00 2.07e+01 -2.12e+01 9.70e+00
-4.80e-01 5.10e-01 -2.20e-01 1.34e+01 -2.01e+01 9.60e+00
4.90e-01 2.00e-01 2.00e-02 -4.30e+00 -7.40e+00 4.40e+00
-3.20e-01 -6.00e-02 3.00e-01 -6.20e+00 -1.44e+01 2.50e+00
-2.10e-01 -5.00e-02 -2.40e-01 6.10e+00 -8.90e+00 3.70e+00
-1.30e-01 -1.10e-01 -4.30e-01 9.40e+00 -1.40e+00 -2.00e-01
6.00e-02 1.70e-01 4.20e-01 2.00e-01 -2.93e+01 -1.20e+00
-3.10e-01 -3.00e-01 -3.40e-01 -7.60e+00 -6.50e+00 -5.40e+00
1.60e-01 2.10e-01 4.30e-01 -5.70e+00 -2.25e+01 1.40e+00
-6.10e-01 5.00e-02 -0.00e+00 -6.80e+00 -1.69e+01 -1.00e+00
3.00e-01 -1.00e-02 -2.60e-01 3.70e+00 -4.40e+00 3.60e+00
-2.00e-02 -8.00e-02 1.70e-01 -1.90e+00 -5.90e+00 2.50e+00
3.00e-02 9.00e-02 -0.00e+00 2.80e+00 -9.80e+00 4.30e+00
-8.00e-02 -1.00e-01 2.00e-01 -1.40e+00 -1.33e+01 5.60e+00
1.50e-01 -1.70e-01 -3.00e-02 -1.40e+00 -1.49e+01 1.80e+00
1.00e-01 -1.30e-01 -1.00e-02 6.00e+00 -7.70e+00 7.00e-01
4.00e-02 -1.00e-02 3.00e-02 1.40e+00 -2.58e+01 -1.30e+00
1.60e-01 -1.90e-01 3.30e-01 3.30e+00 -7.00e-01 -2.30e+00
-4.00e-02 -7.00e-02 5.90e-01 1.10e+00 -2.87e+01 -8.00e-01
1.00e-02 -4.00e-02 2.50e-01 -1.11e+01 -1.04e+01 4.00e+00
-1.30e-01 -0.00e+00 -1.30e-01 9.00e-01 -8.30e+00 4.10e+00
4.00e-02 -1.30e-01 7.00e-02 4.50e+00 -1.32e+01 4.20e+00
1.50e-01 -7.00e-02 -1.50e-01 1.90e+00 -1.39e+01 5.80e+00
-0.00e+00 -2.00e-02 -1.60e-01 5.20e+00 -1.17e+01 5.10e+00
5.00e-02 -2.00e-02 4.00e-02 -3.60e+00 -1.42e+01 5.60e+00
-3.30e-01 7.00e-02 -4.00e-02 4.20e+00 -1.01e+01 3.30e+00
-1.40e-01 -1.10e-01 8.00e-02 1.50e+00 6.80e+00 2.40e+00
-3.50e-01 2.60e-01 5.50e-01 6.20e+00 -3.55e+01 -2.40e+00
3.00e-02 -2.50e-01 6.60e-01 -1.22e+01 -1.64e+01 -3.70e+00
-1.60e-01 -3.20e-01 2.00e-01 -1.81e+01 -1.79e+01 -1.20e+00
-8.00e-02 -1.20e-01 1.30e-01 -2.70e+00 -1.37e+01 4.80e+00
-1.60e-01 2.00e-02 -3.00e-02 -3.30e+00 -1.18e+01 8.30e+00
5.90e-01 -2.00e-01 -4.50e-01 -5.60e+00 -1.21e+01 4.90e+00
3.50e-01 -1.00e-01 -1.02e+00 -1.93e+01 -7.90e+00 -1.90e+00
-1.00e-02 -2.10e-01 -2.00e-01 -1.04e+01 -5.40e+00 -1.50e+00
-1.10e-01 6.00e-02 2.20e-01 -4.70e+00 -4.10e+00 5.10e+00
5.00e-02 4.00e-02 9.00e-02 4.70e+00 -1.46e+01 2.10e+00
-2.10e-01 -3.30e-01 -6.40e-01 -7.00e-01 -7.00e-01 1.90e+00
2.40e-01 3.50e-01 4.20e-01 2.10e+00 -2.61e+01 1.80e+00
3.50e-01 -3.00e-01 3.40e-01 9.90e+00 2.90e+00 -8.00e-01
-9.00e-02 1.40e-01 4.70e-01 6.00e+00 -2.25e+01 4.20e+00
-3.80e-01 -8.00e-02 3.00e-02 -3.30e+00 -7.10e+00 9.40e+00
4.00e-01 5.30e-01 -2.00e-01 -1.93e+01 -8.90e+00 6.60e+00
9.00e-02 -1.50e-01 -3.10e-01 -1.77e+01 -2.22e+01 -4.00e-01
6.70e-01 3.60e-01 -2.60e-01 -1.37e+01 9.00e-01 -2.30e+00
-5.00e-02 3.10e-01 1.80e-01 -1.31e+01 -2.29e+01 7.40e+00
-5.00e-02 1.10e-01 -6.10e-01 5.40e+00 -2.90e+00 4.70e+00
-2.00e-01 -1.20e-01 6.70e-01 -5.00e-01 -5.90e+00 -4.70e+00
1.00e-02 -1.70e-01 2.60e-01 9.90e+00 -1.72e+01 1.90e+00
2.30e-01 -1.00e-02 3.10e-01 1.23e+01 -9.40e+00 -9.00e-01
2.20e-01 -1.20e-01 -5.30e-01 -7.50e+00 -8.80e+00 -3.00e+00
-1.06e+00 2.10e-01 -6.70e-01 -5.00e+00 -1.19e+01 1.10e+00
2.90e-01 -1.40e-01 4.80e-01 3.90e+00 -4.70e+00 5.40e+00
-1.15e+00 -6.00e-02 3.00e-02 1.50e+01 -4.30e+00 -7.00e+00
2.40e-01 -3.00e-02 -4.50e-01 -1.00e-01 -1.64e+01 -1.30e+00
5.50e-01 2.80e-01 -3.90e-01 -4.80e+00 -8.90e+00 6.20e+00
-5.40e-01 2.40e-01 -4.00e-01 -6.80e+00 -1.19e+01 4.10e+00
-3.20e-01 9.00e-02 3.20e-01 -1.44e+01 -1.28e+01 6.60e+00
-9.10e-01 4.80e-01 -2.50e-01 -8.20e+00 -1.62e+01 8.60e+00
3.10e-01 5.30e-01 3.00e-02 -2.16e+01 -2.07e+01 2.80e+00
-1.20e-01 4.60e-01 -7.60e-01 -2.69e+01 -9.30e+00 4.40e+00
-2.80e-01 2.30e-01 2.30e-01 3.30e+00 -6.20e+00 3.50e+00
-6.90e-01 6.90e-01 -2.40e-01 6.50e+00 -1.44e+01 1.47e+01
3.40e-01 3.90e-01 -5.30e-01 -4.10e+00 -2.04e+01 6.40e+00
1.60e-01 3.20e-01 -5.30e-01 -3.10e+00 -2.39e+01 3.10e+00
-8.50e-01 3.40e-01 -3.10e-01 -2.40e+00 -1.19e+01 1.80e+00
7.00e-01 8.50e-01 9.20e-01 5.60e+00 -6.00e+00 1.13e+01
-2.50e-01 9.10e-01 6.60e-01 5.30e+00 -5.50e+00 1.70e+00
4.00e-02 3.20e-01 7.40e-01 -1.17e+01 -2.02e+01 2.70e+00
1.00e-01 -1.00e-02 1.22e+00 -1.65e+01 -1.10e+01 -3.30e+00
5.00e-02 -5.00e-02 2.30e-01 -4.60e+00 -6.00e+00 6.00e-01
5.50e-01 1.00e-01 -2.40e-01 8.20e+00 -1.34e+01 3.40e+00
-1.90e-01 -1.30e-01 -3.30e-01 -4.20e+00 -1.89e+01 1.11e+01
2.60e-01 1.80e-01 4.20e-01 1.66e+01 -1.61e+01 9.30e+00
-4.80e-01 2.00e-02 -3.10e-01 -4.50e+00 -9.40e+00 3.20e+00
2.00e-01 -1.00e-02 -2.00e-01 -5.00e+00 -7.30e+00 2.90e+00
-3.40e-01 -3.60e-01 -3.10e-01 -6.10e+00 -3.30e+00 -1.50e+00
7.00e-02 7.00e-02 -2.10e-01 2.90e+00 -6.60e+00 1.08e+01
1.50e-01 -1.90e-01 1.00e-01 4.00e-01 -9.30e+00 4.30e+00
1.40e-01 -2.50e-01 1.80e-01 4.80e+00 -7.30e+00 2.00e-01
4.00e-02 -4.90e-01 -1.50e-01 -1.43e+01 -1.21e+01 1.90e+00
-1.10e-01 -3.00e-02 3.50e-01 -2.20e+00 -1.54e+01 2.80e+00
-7.00e-02 -1.90e-01 2.30e-01 -5.30e+00 -1.47e+01 3.80e+00
1.76e+00 -3.00e-02 -6.50e-01 -2.50e+00 3.90e+00 -7.00e+00
4.50e-01 -5.50e-01 -6.30e-01 -1.00e-01 -5.10e+00 1.10e+00
3.00e-01 -3.60e-01 -5.40e-01 5.60e+00 -1.00e-01 4.70e+00
