-0.512 -0.019 3.664 3.007 -2.124 43.567
-0.164 -0.313 2.918 -5.389 -5.338 33.758
0.537 -1.051 3.418 -4.264 -5.606 34.526
-0.081 -0.646 3.254 9.386 -4.667 35.811
-0.198 -0.277 3.576 -5.116 3.430 37.667
0.647 0.326 3.100 1.116 -4.695 36.871
0.579 -0.765 3.277 -1.850 14.957 26.479
-0.324 -0.536 3.259 9.460 2.723 35.330
-0.295 -0.224 3.243 -0.296 6.305 32.291
0.997 0.475 3.309 1.788 9.851 27.011
-1.113 -0.325 3.425 -4.586 -0.734 31.949
-0.256 -0.357 3.302 3.992 -4.325 43.986
-0.261 -0.308 3.272 1.907 -0.001 37.420
-0.203 -0.134 3.233 -2.178 -2.638 40.607
-0.085 -0.417 3.385 -1.287 -3.277 36.101
0.946 -0.710 3.297 1.943 -1.448 28.058
-0.415 0.347 3.062 -1.253 7.410 30.101
0.575 -0.691 3.030 -2.652 5.221 28.554
0.414 -0.395 3.926 -0.305 1.050 40.155
-0.323 -0.742 3.321 1.684 10.775 32.515
-0.657 0.286 2.728 4.352 3.036 27.597
-0.010 -0.312 3.839 3.130 0.577 40.613
0.133 -0.728 3.036 -9.212 -2.021 36.529
-0.533 -1.164 3.474 5.003 -3.080 29.180
-0.310 -0.209 3.150 1.371 -3.502 41.613
0.790 -0.240 3.308 -2.199 -6.947 39.580
