-0.136 0.208 0.192 8.954 -5.517 -1.575
0.419 -0.238 -0.168 -7.725 -13.810 0.504
0.260 -0.159 0.256 3.058 -4.007 -6.632
0.236 -0.056 0.808 -0.110 -5.397 0.001
-0.005 -0.076 -0.002 -5.560 -20.068 -3.885
0.094 -0.278 0.489 -15.971 -12.061 -5.657
-0.307 0.038 0.156 -5.010 6.575 -2.642
0.112 -0.092 0.399 -5.184 -19.487 9.522
0.617 0.102 -0.403 -5.109 -10.121 5.875
1.064 0.094 -0.041 1.993 -7.033 -6.558
0.245 0.181 -0.013 10.455 -16.489 11.459
-0.350 -0.256 0.314 2.340 -10.987 -8.050
0.240 -0.031 -0.031 1.786 -12.021 -1.223
0.465 0.204 -0.388 -0.572 -18.183 -3.651
1.490 -0.008 -0.160 0.556 -11.405 -0.773
0.859 -0.163 -0.075 -2.812 -11.715 -7.957
-0.744 0.031 0.002 -7.534 -12.760 9.603
-0.758 0.286 0.327 10.903 -10.851 -1.684
-1.208 0.078 0.644 20.334 -12.143 4.185
0.291 0.088 0.664 0.464 -17.090 5.555
1.003 -0.217 0.679 -0.436 -3.813 3.747
-0.795 -0.166 0.291 18.544 -9.378 -3.357
0.019 0.123 -0.127 -0.385 -18.857 -4.739
-0.055 -0.019 0.707 0.989 -1.408 -3.193
-0.674 -0.280 0.149 -6.426 -16.391 -9.691
-0.307 -0.036 -0.099 -3.895 -11.521 -6.528
0.255 0.355 0.022 -6.291 -6.720 2.857
