0.700 0.030 0.670 -31.050 -24.140 -0.910
-0.020 0.500 0.200 -0.870 -21.270 14.630
-0.240 -0.160 0.410 10.740 -15.770 -1.090
0.880 -0.020 0.660 5.150 -9.460 2.010
0.630 -0.140 0.720 8.020 -9.070 3.430
0.060 -0.160 0.450 17.290 -6.280 0.650
-0.170 0.060 -0.420 6.040 -16.560 -1.830
-1.270 0.480 0.160 -4.420 -13.310 1.710
0.730 0.090 -0.220 -0.840 -14.800 3.040
0.430 -0.130 0.000 -0.340 -6.660 -6.860
0.500 0.670 0.570 -5.930 -14.240 17.320
-0.970 -0.050 -0.560 1.110 -23.130 3.210
-0.110 0.110 -0.050 -2.210 -24.020 3.270
0.220 0.250 -0.130 -16.420 -19.040 10.580
0.310 0.220 0.050 10.110 -26.580 9.420
-0.160 -0.110 -0.210 8.270 -18.980 6.850
-0.670 0.040 -0.870 -21.060 -26.100 11.170
1.230 0.150 -0.000 -2.080 -31.120 9.830
-0.070 0.200 0.270 2.680 -22.680 -1.120
1.100 0.140 0.840 13.350 -1.600 5.910
-0.620 -0.100 0.410 9.970 -7.850 3.330
-0.330 -0.050 0.020 -4.410 -15.560 4.480
-0.490 0.220 -0.150 1.640 -11.670 2.230
0.170 -0.020 -0.290 5.510 -20.780 7.620
-0.600 -0.380 1.100 -3.920 -14.580 -11.460
0.300 -0.030 1.010 -0.670 -10.840 5.360
-1.020 -0.290 1.060 3.350 -11.890 6.740
-0.450 -0.070 0.870 9.610 -12.210 3.180
0.370 -0.080 0.670 -2.730 -18.160 1.590
-0.410 -0.190 0.240 -5.910 -15.720 0.900
0.320 0.140 -0.870 -9.150 -22.680 8.790
-0.750 -0.200 -0.440 -13.280 -24.500 7.250
-0.940 0.130 -0.890 9.400 -23.090 7.680
-0.690 0.420 -0.360 10.890 -32.500 10.390
0.370 -0.120 0.030 1.130 -10.670 3.340
0.360 0.040 0.230 5.910 -16.820 5.500
0.740 -0.210 1.400 8.140 -33.360 -11.070
0.220 0.360 1.030 14.800 -5.830 9.480
-0.950 -0.160 0.610 -2.460 -27.200 -4.560
0.980 -0.150 0.430 -21.320 -6.840 2.730
0.390 0.150 0.090 -7.720 -10.500 15.370
-0.900 -0.000 0.210 1.240 -20.370 10.800
-0.230 0.270 -0.140 9.150 -24.640 13.410
0.040 0.090 0.170 -1.290 -24.040 4.660
-0.010 -0.060 1.150 -18.960 12.010 4.820
-0.430 -0.280 0.890 -10.360 -35.390 -11.980
0.300 -0.290 0.420 -8.500 -6.450 -3.780
0.780 -0.320 0.610 -4.690 -14.760 -1.660
1.200 -0.140 -0.460 -2.770 -15.780 9.930
0.290 -0.250 -0.920 -13.680 -9.530 4.480
0.240 -0.310 -0.650 6.960 0.250 -1.820
-0.180 -0.270 -1.100 -1.480 -6.440 1.060
-0.360 0.130 0.060 2.120 -9.120 4.990
-1.010 -0.250 0.660 7.820 -14.420 -4.580
0.250 -0.170 0.660 -0.510 -18.680 -4.630
-0.310 0.070 -0.060 11.420 5.810 1.810
0.480 -0.170 1.040 12.700 -26.240 -7.160
-0.380 -0.090 1.340 17.720 -15.500 5.840
0.020 0.040 0.860 10.210 -16.690 4.840
-0.690 -0.080 -0.030 10.050 -9.800 1.090
0.760 -0.200 0.070 -8.630 -12.650 -0.910
-0.590 -0.160 0.430 2.780 -13.640 2.020
-0.040 -0.170 0.330 9.270 -14.820 -2.160
1.480 -0.220 0.600 1.040 -20.900 12.230
-1.070 0.170 0.030 -9.600 -22.290 8.190
0.170 -0.080 0.010 1.860 -22.350 2.990
-0.130 0.500 0.400 8.980 -32.710 -3.440
0.120 0.030 0.410 -2.580 -5.680 4.340
-0.440 0.150 0.060 0.410 -15.960 -0.460
1.150 -0.160 0.340 1.960 -7.360 2.410
-1.290 -0.040 1.000 -5.230 -11.530 5.910
0.050 -0.170 0.700 0.810 3.560 0.950
-0.700 -0.010 -1.190 6.260 -30.490 4.250
-1.590 -0.230 -0.610 -21.120 -21.320 2.760
-0.930 -0.110 0.700 -15.870 -10.880 -4.060
-0.250 -0.140 -0.300 6.390 -9.170 -1.570
-0.130 -0.040 -1.280 5.800 -32.510 -4.650
-0.570 -0.040 -0.140 -10.560 -25.860 -1.430
-1.260 0.110 -0.480 -13.110 -9.400 7.250
0.070 -0.190 0.230 -7.150 -4.810 -4.770
-0.490 0.610 0.460 -3.250 -12.330 17.890
0.080 -0.090 0.080 12.780 -4.170 -0.440
-0.180 -0.200 -0.190 -2.250 -13.180 1.060
-0.300 -0.280 -0.210 4.050 -24.180 5.270
0.160 -0.060 -0.020 4.200 -22.760 2.080
-0.150 0.000 0.630 -9.890 -15.050 7.840
-0.250 -0.090 0.670 -14.830 -20.510 -9.180
-0.500 0.010 0.250 4.080 14.300 6.010
0.060 -0.100 1.050 3.610 -20.580 -5.560
0.450 -0.190 0.260 -4.510 -14.000 1.000
0.390 -0.150 -0.560 5.360 -14.180 1.790
0.060 0.180 -0.160 -0.370 -12.950 5.560
-0.600 -0.270 0.160 7.200 -4.970 -1.400
0.290 -0.120 -0.830 3.890 -6.160 7.170
-0.070 -0.010 -0.770 -14.390 -12.930 6.680
0.700 -0.260 -0.150 9.070 -15.730 2.760
0.630 -0.240 -0.410 11.460 -9.020 0.090
-0.460 -0.300 0.910 11.380 -30.780 -1.240
-0.110 0.010 -0.020 3.800 4.080 3.310
0.310 0.110 0.320 6.970 -27.750 2.920
0.170 -0.130 0.910 12.090 -19.140 5.890
0.520 -0.260 0.310 -1.320 -17.280 5.760
0.320 -0.010 0.180 -0.440 -21.690 14.100
-1.570 0.080 -0.210 -13.270 -29.240 7.320
0.600 0.270 -0.250 8.660 -20.820 13.150
0.430 0.120 -0.230 13.870 -21.820 7.540
0.250 -0.160 0.870 -0.740 -32.730 -4.030
-0.380 -0.090 -0.070 -0.700 0.490 1.530
1.310 -0.080 0.550 -3.920 -24.290 -4.540
-0.440 -0.050 -0.160 2.880 -13.870 -2.880
0.760 0.240 -0.170 5.860 -21.430 4.330
0.080 -0.080 -0.390 -2.410 -20.170 6.790
1.230 -0.310 -0.300 12.330 -13.250 3.890
-0.410 0.290 -0.600 18.350 -21.430 16.310
-0.830 0.090 -0.150 5.180 -22.550 3.680
-0.120 0.240 -0.770 12.050 -22.460 14.450
0.500 0.100 -0.140 11.790 -14.560 9.360
-0.410 -0.160 0.260 2.610 -16.450 -0.240
-0.050 0.000 -0.740 -20.580 -31.390 -1.070
0.220 0.480 -0.320 -6.780 -25.270 11.850
0.420 0.030 0.130 1.140 -27.110 5.360
-0.400 -0.180 1.200 19.780 -4.250 -0.020
-0.170 -0.130 0.210 22.110 -9.290 3.240
0.660 -0.120 -0.110 -5.930 -19.340 -1.500
-0.210 0.210 0.240 -4.490 -20.190 7.230
0.800 0.260 0.160 1.010 -15.670 8.990
-0.250 -0.230 0.220 7.400 -11.990 -4.900
-0.500 -0.280 0.210 7.040 -8.400 -0.400
0.460 0.090 0.100 10.930 -27.630 2.270
-0.040 -0.090 0.200 11.080 -23.680 5.330
0.340 0.130 -0.010 6.460 -22.160 -1.060
0.490 -0.160 -0.350 9.800 -12.850 -5.810
-0.130 -0.000 0.420 -11.730 -6.610 4.900
0.380 -0.020 0.360 6.890 -7.460 4.330
-1.120 0.160 0.710 9.320 -12.290 -2.870
0.260 0.030 0.330 9.180 -7.970 -2.090
-0.240 0.030 -0.320 -7.780 -18.980 -0.050
0.640 -0.110 0.170 -5.240 -22.510 7.280
0.840 -0.100 0.540 -17.510 -5.310 -4.500
-0.000 0.100 0.600 -5.100 -13.980 2.640
0.120 -0.050 0.730 -11.630 -22.700 1.280
0.160 0.010 0.110 -2.570 -12.280 3.700
-0.470 -0.070 0.220 1.000 -10.390 2.430
0.220 0.130 0.500 6.690 -11.800 3.690
0.350 -0.110 -0.170 23.580 -0.120 -3.410
