1.430 1.440 3.060 11.160 -3.430 31.990
-1.130 0.210 2.920 -4.950 5.830 34.980
0.580 -0.370 3.380 -2.850 4.080 39.530
-0.030 -0.120 3.220 1.050 -2.230 34.100
-0.250 -0.780 3.130 0.140 -7.010 36.240
-0.290 -0.740 3.630 5.220 -5.130 29.860
0.770 -0.520 3.380 -0.220 -1.920 36.300
0.560 0.040 3.240 4.840 2.910 42.080
-0.960 -0.010 3.170 -4.350 4.880 30.590
1.370 0.510 3.490 2.730 10.310 33.360
-1.340 -0.290 3.180 4.130 11.500 24.430
-0.280 0.030 3.340 -2.740 4.230 37.950
0.630 1.010 3.830 4.810 4.800 40.500
-0.650 0.770 2.610 0.910 -2.930 33.500
1.160 2.080 3.270 9.860 -0.950 37.380
-0.000 2.880 4.000 2.860 8.510 39.760
-0.520 2.360 2.820 -8.010 -0.790 49.540
-0.180 0.350 3.000 -4.650 4.380 27.170
0.240 0.510 3.070 -5.420 -0.940 39.270
-0.160 -1.030 3.360 2.970 7.710 29.060
0.110 0.040 3.770 5.420 3.540 33.480
-0.100 0.860 3.160 0.200 9.650 34.880
0.740 0.300 3.010 4.820 -0.290 40.390
-0.790 0.360 3.720 -10.650 4.890 29.710
1.010 1.440 3.600 8.010 -15.030 46.450
0.240 1.870 3.390 0.570 -15.310 37.520
-0.340 0.440 3.300 -3.270 1.490 39.380
-0.220 -0.630 3.650 0.710 -1.440 38.380
0.060 0.140 3.360 3.530 4.990 32.180
0.650 0.900 3.490 10.400 20.510 33.330
-0.070 0.380 3.220 -8.480 11.800 25.600
-0.340 -0.100 2.710 6.700 4.940 28.620
0.950 0.940 3.220 5.250 3.030 37.660
0.080 1.470 3.680 -1.960 11.200 39.140
0.000 0.720 3.310 1.310 1.120 35.070
-1.120 1.420 3.320 -14.650 -13.390 46.490
1.860 0.190 3.360 3.960 -11.480 33.410
-1.480 0.060 3.690 -6.440 9.560 33.960
0.270 -0.360 4.040 -0.870 -1.200 38.660
0.250 0.630 2.900 2.970 7.730 33.430
-0.070 -0.120 3.220 -1.790 -0.270 25.890
0.360 -0.130 2.910 4.300 4.810 34.080
-0.850 0.040 3.550 -2.170 6.180 36.410
1.170 0.430 3.990 -6.040 4.710 36.530
-2.520 0.300 3.080 -2.020 -16.890 34.440
1.300 0.840 3.360 5.830 -8.830 42.390
-0.660 0.540 3.280 -7.180 -4.630 38.110
0.730 -0.320 3.350 9.700 -0.070 34.850
-0.460 -0.330 3.510 0.990 22.600 20.640
-0.670 0.090 2.940 -7.730 0.930 33.000
-0.360 -0.410 3.620 7.290 8.320 31.750
0.790 -0.180 3.130 -5.260 20.060 24.120
-0.970 -0.370 3.030 -5.820 0.810 31.490
-0.190 -0.360 3.610 4.110 5.210 41.390
1.740 0.430 3.160 8.790 -15.890 33.820
-1.160 0.980 3.420 -7.180 -4.260 41.370
1.190 -0.630 2.970 0.120 -8.310 29.020
-0.270 -0.410 3.330 -0.540 -8.010 41.130
0.380 -0.880 3.360 5.930 -7.330 33.970
0.240 0.220 3.890 2.240 10.800 41.610
0.400 -0.530 3.030 1.470 3.830 24.380
-0.350 0.150 3.050 -0.540 8.410 34.120
0.950 0.160 3.810 3.580 3.750 40.820
-0.030 0.470 3.270 6.320 15.400 24.830
-0.530 1.660 3.190 -1.640 -7.420 45.670
-0.470 1.220 2.990 -4.420 -2.540 34.120
0.870 0.970 3.850 0.120 -20.240 42.450
-0.400 0.680 3.470 1.450 9.460 34.110
0.770 -0.020 3.330 -1.490 2.440 40.440
0.430 0.210 3.320 -0.510 3.110 25.710
-0.430 -0.330 3.320 -2.480 4.300 36.580
-0.190 -0.250 2.890 18.920 3.670 30.230
0.170 0.560 4.090 -6.810 19.400 29.410
-0.810 -0.290 3.360 -13.220 2.000 34.210
0.810 0.440 2.760 8.350 -0.810 40.480
-0.280 1.650 3.140 10.230 -7.350 39.430
0.170 0.870 3.810 -11.960 7.930 32.720
0.760 1.940 3.340 3.010 -9.230 43.050
-0.990 0.640 3.350 -11.190 4.860 40.950
1.030 0.190 3.080 2.540 7.330 31.250
-0.270 0.330 3.090 2.720 -1.320 33.770
-0.230 -0.010 3.570 2.390 20.210 30.440
-0.130 -0.440 3.180 1.660 2.240 32.050
-0.100 -0.170 3.360 -1.880 -2.150 38.900
0.840 -0.250 3.520 -0.440 -3.750 39.370
-1.400 -0.340 3.410 -1.460 -3.070 33.660
1.580 0.750 2.910 3.300 -13.100 35.320
-1.830 0.270 3.430 -8.080 -10.790 38.030
0.520 -0.600 3.660 1.560 -1.470 36.280
0.880 -0.080 3.000 8.960 2.050 33.840
-0.350 0.030 3.430 -2.460 18.510 25.140
0.130 -1.130 3.180 -8.050 8.250 29.820
0.990 0.020 3.350 12.470 3.400 39.820
0.100 -0.370 3.690 -0.090 21.530 21.000
-1.220 0.410 2.600 -6.390 2.740 39.300
0.570 0.650 3.390 4.450 -4.680 33.200
-1.100 1.000 3.380 -10.990 -6.300 36.520
1.610 0.830 3.680 8.790 -11.430 38.470
-1.060 0.720 3.410 -2.270 2.190 38.180
0.580 -0.190 2.990 -4.660 3.280 34.340
0.500 -0.940 3.680 4.140 -2.560 36.250
-0.110 -0.010 3.310 4.250 7.570 31.490
-0.380 0.180 3.360 1.020 15.330 25.230
-0.250 0.420 2.770 -2.130 7.020 39.970
0.390 0.890 3.300 4.850 -1.750 34.070
-0.780 0.650 3.810 -8.410 -4.080 37.300
1.420 1.230 3.420 11.580 -10.360 39.890
-0.460 1.360 3.560 -3.890 2.680 45.500
0.020 0.240 3.020 3.590 0.060 26.290
-0.080 1.050 3.340 -2.560 4.860 43.920
0.150 0.180 3.660 -1.520 11.960 28.140
-0.420 0.100 3.010 0.010 10.660 36.160
-0.010 0.730 3.090 5.990 11.970 18.280
-0.110 0.110 3.620 -5.040 8.920 32.500
1.310 0.660 2.880 9.830 5.580 39.540
0.290 1.380 3.360 1.220 10.250 36.300
-0.340 2.290 3.690 -0.650 -8.280 41.960
-0.860 2.150 3.880 1.580 -0.740 46.760
0.650 1.120 2.760 -3.510 8.440 32.110
-1.010 0.400 2.840 -8.340 0.240 36.930
0.100 0.560 2.900 -10.230 1.960 34.940
0.520 -0.680 3.430 3.630 4.530 30.100
-0.330 0.410 4.050 4.630 1.690 44.210
0.320 -0.490 3.110 1.540 9.040 26.450
-0.360 1.190 3.230 -1.540 6.320 41.350
-0.570 0.770 3.360 -0.950 -9.950 33.700
0.410 1.870 3.500 3.120 -8.410 40.910
-0.580 2.100 3.360 1.910 -2.990 46.740
0.810 0.590 3.280 0.790 4.540 29.860
-0.590 0.720 3.570 -3.630 -2.440 44.230
0.540 -0.510 3.190 3.790 1.780 31.320
0.750 -0.240 3.620 -0.700 24.510 31.640
-0.330 -0.340 3.050 -1.200 -0.500 29.970
0.080 -0.040 2.990 -1.750 2.090 29.550
0.550 -1.200 3.350 2.080 1.100 35.830
-0.020 0.420 3.750 7.190 -2.730 39.270
0.290 -0.210 3.140 -2.610 -0.130 39.140
-0.940 -0.130 3.560 -7.110 2.270 39.250
-0.010 -0.870 3.060 1.780 -5.140 29.230
-0.420 -0.150 3.330 -1.930 3.410 35.130
0.630 0.070 3.080 5.970 -0.010 34.530
0.000 0.910 3.210 -2.850 6.580 34.790
-0.140 -0.200 3.110 -2.210 4.710 34.790
0.340 -0.680 2.900 2.590 0.880 31.150
