0.310 -0.450 3.340 0.570 -5.280 36.160
0.260 -0.190 3.120 2.640 -0.770 30.770
0.150 -0.600 3.330 0.520 -4.100 38.710
0.420 0.030 3.480 1.410 -1.590 38.350
-0.320 -0.180 3.600 -2.670 1.710 40.760
0.750 0.420 3.000 1.340 0.340 28.590
0.310 -0.580 3.110 -3.160 13.770 29.280
-0.130 -0.550 3.160 10.490 0.600 37.890
-0.180 -0.050 3.370 -2.370 7.030 35.530
0.530 0.380 3.300 0.420 11.070 23.830
-0.600 -0.950 3.410 -2.470 -3.010 34.180
0.110 -0.360 2.990 3.710 -7.030 35.670
0.110 0.040 3.450 -2.130 -1.150 41.720
-0.160 -0.440 3.370 4.930 -4.880 38.520
0.210 -0.130 3.290 -2.810 -2.740 31.800
0.290 -0.610 3.310 0.690 -2.360 36.820
0.150 0.230 3.440 1.470 8.410 33.780
0.110 -0.150 2.850 -2.580 1.070 29.130
0.440 -0.790 3.070 -3.390 4.650 37.580
-0.560 -0.740 3.770 4.140 6.270 32.530
-0.160 0.260 2.760 2.770 0.990 29.590
-0.140 -0.370 3.800 4.930 0.600 35.070
0.010 -0.370 3.400 -2.660 1.300 37.550
-0.310 -0.960 3.210 -0.090 -4.690 33.670
-0.270 -0.270 3.020 -2.030 -2.770 39.100
0.230 -0.360 3.320 -2.770 -10.280 41.410
