0.560 -0.000 0.250 11.920 -12.420 -5.610
0.190 0.130 0.360 3.440 -19.270 8.090
-0.990 -0.050 0.020 6.490 -18.930 7.900
0.070 -0.060 -0.050 6.090 -22.190 1.470
0.420 -0.080 0.060 -3.550 -15.840 5.950
0.820 -0.350 0.630 -17.360 -19.020 -3.160
-0.950 -0.340 0.150 -8.360 5.710 0.250
-0.280 -0.310 0.470 -4.380 -9.980 5.470
0.860 -0.230 -0.400 1.460 -14.820 7.410
1.170 -0.110 0.020 0.160 -13.080 -0.610
-0.690 -0.010 0.020 6.380 -14.850 11.000
-0.500 -0.100 0.160 0.640 -7.400 4.240
-0.770 -0.050 -0.100 7.680 -16.370 3.300
0.170 0.090 0.250 2.390 -7.280 -0.460
0.860 0.110 -0.180 4.490 -20.030 7.350
-0.400 -0.300 -0.020 1.450 -16.370 1.730
-0.060 -0.250 0.070 -1.790 -16.570 4.120
-0.070 0.140 0.160 -1.010 -8.960 6.170
-0.300 -0.080 0.740 15.730 -10.460 4.440
0.590 0.180 1.040 20.760 -12.050 7.190
1.200 -0.590 0.710 4.160 -6.230 0.390
-0.270 -0.020 0.880 24.120 -19.450 0.980
-0.360 -0.060 0.210 -1.170 -21.200 -5.420
-0.420 0.310 0.100 -12.210 -17.010 -1.170
-0.260 0.160 0.340 -10.700 -26.350 -2.450
0.110 0.220 0.410 -5.330 -14.740 1.840
0.770 -0.140 0.540 -10.840 -7.410 -2.630
