0.213 0.081 3.402 2.445 -2.773 44.726
0.069 0.040 3.184 -5.165 -7.720 35.140
0.259 -0.701 3.330 0.019 -1.746 41.416
0.143 -0.490 3.323 0.257 1.365 33.654
-0.632 -0.325 3.483 -3.739 -1.459 37.754
0.683 -0.168 2.609 -5.398 -5.651 28.218
0.296 -0.799 3.568 1.689 10.137 34.716
-0.983 -1.220 3.385 2.983 0.018 26.994
0.295 -0.583 3.015 12.364 6.053 41.694
0.520 0.802 3.146 -9.742 10.669 31.274
-0.799 -0.747 3.253 1.616 -1.809 31.130
0.338 -0.686 3.405 -2.638 -6.057 31.410
0.225 -0.122 3.202 5.053 -3.578 41.486
0.420 -0.422 3.159 4.267 0.373 36.022
-0.263 0.247 3.534 0.716 -3.646 45.319
0.867 -0.327 3.376 1.323 0.417 28.696
0.087 0.505 2.815 -1.214 14.376 27.535
-0.137 -0.431 2.947 -10.243 1.337 36.721
0.328 -1.160 3.074 6.689 2.975 35.659
-0.226 -0.840 4.203 -5.185 3.129 33.465
0.085 0.021 2.445 4.011 3.101 27.135
-0.048 -0.416 3.484 1.785 -4.344 39.989
-0.235 -0.663 3.437 5.278 2.097 36.295
-0.056 -0.926 3.362 -1.150 -3.383 35.985
-0.249 -0.282 3.136 1.881 -3.324 35.925
0.177 -0.107 3.204 0.364 -2.295 42.938
