-1.031 -0.260 -0.286 13.088 -4.062 -6.607
-0.357 0.005 -0.341 4.496 -16.805 7.865
-0.382 -0.363 0.106 7.082 -10.189 2.035
0.797 -0.179 0.121 3.352 -13.631 2.296
0.186 -0.181 0.562 -3.620 -21.477 1.846
0.193 -0.358 0.859 -16.935 -20.682 -4.767
-0.841 -0.678 1.301 7.405 -2.239 -2.935
-0.112 -0.323 0.780 -3.860 -19.013 0.324
-0.741 -0.025 0.590 -10.329 -5.432 -7.706
0.816 -0.263 -0.659 -2.284 -20.222 -3.092
-0.111 -0.070 0.534 6.902 -12.978 10.403
-0.604 -0.318 0.056 3.453 -9.386 -1.996
-0.890 -0.312 0.544 -1.006 -16.617 -3.419
-0.364 -0.185 -0.092 0.612 -14.364 -3.401
-0.613 0.121 -0.411 1.269 -11.862 8.017
0.409 -0.418 -0.427 -6.414 -9.518 -8.396
0.378 -0.340 -0.248 -11.284 -10.336 6.945
-1.006 0.101 0.080 10.459 -17.252 6.789
-0.280 -0.189 1.126 15.439 -13.943 1.218
-0.041 -0.336 0.184 23.293 -22.756 -3.925
0.870 -0.601 1.082 -8.479 -17.195 -2.164
-0.570 -0.216 1.146 20.318 -21.979 -0.444
0.092 -0.272 0.728 7.509 -20.966 -1.378
-0.005 -0.084 -0.178 -3.296 -16.515 -2.634
0.351 -0.186 0.019 -9.130 -19.079 -3.046
-0.260 -0.030 -0.269 -8.075 -12.275 -0.806
1.033 -0.428 -0.412 -8.175 -11.628 -5.411
