0.244 -0.033 -0.069 4.644 -25.242 4.541
-0.452 -0.175 -0.194 -0.613 -2.769 0.659
0.350 -0.208 -0.259 5.976 -18.639 -3.744
0.732 -0.224 -0.059 6.812 -20.103 -6.441
0.014 -0.327 0.530 1.617 -21.576 -3.222
-0.099 -0.310 0.507 0.398 -12.698 0.711
-0.429 -0.294 -0.037 -5.709 -16.877 2.092
0.020 0.061 0.266 -15.921 -16.839 7.828
-0.030 -0.274 0.031 -10.484 -17.337 0.114
0.431 -0.413 0.179 8.544 -3.557 -4.179
-0.373 -0.207 0.293 -6.974 0.522 -5.390
-0.717 -0.262 0.482 0.228 -12.217 9.921
0.159 -0.232 0.988 3.177 -27.427 2.841
-0.052 -0.252 0.017 -4.787 -8.583 -9.274
0.319 -0.172 -0.130 6.215 -19.750 6.905
0.436 -0.539 1.567 23.970 2.604 -7.996
-0.303 -0.028 0.496 17.055 14.421 -4.429
-0.698 -0.006 -0.368 2.456 -32.503 25.139
-0.046 -0.346 -0.192 -2.949 -26.282 5.151
0.195 -0.325 -0.669 19.142 -28.958 8.626
-0.041 -0.283 -0.062 8.806 -26.710 -2.217
0.748 -0.402 -0.323 8.208 -10.606 -0.057
-0.081 -0.041 0.836 31.530 -18.641 -3.941
0.583 -0.178 0.837 5.830 -25.819 1.287
-0.313 -0.296 0.269 -3.265 -26.179 -5.173
-0.777 -0.335 0.349 -7.196 -26.096 -5.101
-0.369 -0.110 -0.102 -13.297 -20.572 -7.878
-0.077 -0.113 -0.083 -12.238 -34.455 -5.431
1.035 -0.524 0.126 -0.590 -6.969 1.193
-0.424 -0.105 0.930 8.824 -23.331 2.444
