0.869 1.319 3.558 5.905 13.124 32.915
-0.905 1.423 3.196 -1.577 2.967 41.508
0.036 -0.079 3.169 1.065 -3.671 40.702
0.589 -0.676 3.273 -2.901 -5.460 33.291
0.200 -0.631 3.172 0.934 -2.005 36.042
0.134 -0.429 3.679 2.650 -0.495 34.000
0.218 -0.577 3.467 -1.973 2.038 34.769
-0.834 1.378 3.426 3.754 -1.610 42.812
0.254 0.446 2.909 -4.881 -1.524 30.272
-0.250 0.656 4.385 0.325 39.274 18.315
0.145 0.558 3.406 -6.979 0.333 31.409
0.608 -1.013 3.464 1.295 -6.515 38.561
-0.231 -0.166 3.515 10.024 2.928 32.202
0.823 0.004 3.157 2.445 6.922 29.448
-0.629 1.548 3.583 -15.250 -10.905 43.295
-0.142 -1.247 3.957 6.177 2.128 24.094
0.625 0.166 3.871 4.042 7.337 39.044
-1.325 -0.671 3.522 -7.505 -1.178 32.461
0.071 1.535 2.852 11.161 2.098 35.219
-0.457 1.807 4.026 -1.192 29.097 20.610
0.325 0.131 3.484 2.743 1.116 30.494
1.057 0.891 2.744 -2.120 2.067 30.962
-0.166 -1.306 4.064 -4.086 0.332 39.490
-0.396 -1.069 3.386 4.677 -4.549 29.425
0.101 -0.670 3.179 -1.529 -3.721 33.026
-0.330 -0.518 3.424 4.868 -0.231 42.244
0.395 0.156 3.185 -1.580 -5.007 38.762
0.784 1.126 3.307 -1.592 10.018 40.690
-1.161 0.687 3.118 -7.412 -4.172 28.387
