-0.820 -0.340 0.450 11.740 -15.320 -5.090
-0.200 -0.200 0.200 2.420 -14.040 -2.010
-0.900 -0.270 0.380 7.050 -5.370 -4.680
0.500 0.020 0.270 7.280 -9.060 -0.330
0.880 0.000 0.360 -6.990 -19.840 2.480
1.150 -0.300 0.510 -24.200 -24.920 -2.700
-1.220 -0.390 1.110 2.020 1.860 9.880
0.890 0.080 0.260 -6.940 -7.060 8.740
0.800 -0.450 -0.830 -6.370 -8.130 6.180
-1.210 0.080 -0.020 11.840 -3.470 8.810
1.140 0.070 0.380 1.200 -9.170 9.900
-0.780 -0.360 0.810 4.640 -18.590 -2.810
-0.820 -0.200 0.880 5.520 -12.010 1.270
-0.380 -0.050 0.800 -2.990 -11.870 -1.340
0.280 -0.000 0.400 -6.180 -23.240 -1.390
0.240 -0.070 0.160 -7.210 -6.650 -3.750
-0.700 -0.400 -0.690 -15.700 -8.660 0.200
0.020 -0.200 -1.140 -2.490 -5.500 5.230
-0.980 0.020 0.150 1.710 -0.600 10.730
-0.670 0.110 0.740 9.620 -10.210 11.200
0.950 -0.330 1.500 -17.990 -9.440 6.560
-1.010 -0.250 0.850 16.610 -15.760 -3.590
-0.430 -0.160 0.640 2.370 -18.770 0.430
0.140 -0.110 1.020 0.740 -8.200 -2.980
-0.100 -0.050 0.570 -9.830 -14.090 -2.580
0.450 -0.110 0.570 -7.780 -14.950 0.440
1.050 -0.110 0.700 -7.430 -16.870 -1.310
