-0.040 -0.380 3.360 3.490 -2.840 42.000
0.180 -0.350 3.050 -1.080 -9.960 32.660
0.580 -1.140 3.290 1.720 -2.460 40.430
0.310 -0.160 3.550 3.430 -2.800 40.300
-0.570 -0.290 3.550 -0.480 3.410 38.680
0.890 0.190 2.610 -8.320 -3.890 21.830
0.540 -0.230 3.440 7.670 7.720 42.760
-0.170 -0.160 3.220 11.560 1.390 34.220
0.130 0.590 3.070 -3.390 12.450 14.160
-0.110 -0.100 3.490 -2.020 8.730 45.590
-0.830 -0.790 3.060 -4.450 -9.200 26.740
0.190 -0.710 3.080 1.490 -8.070 38.200
0.180 -0.830 3.480 1.280 -4.530 34.650
-0.410 -0.690 3.200 2.880 -1.950 39.210
-0.030 -0.550 3.270 -1.510 -8.810 36.020
0.450 -0.660 3.390 8.890 0.580 36.250
0.310 0.280 3.000 3.560 3.320 28.640
0.590 1.010 3.290 -11.330 17.890 30.860
0.160 -0.500 3.100 -4.210 -0.130 31.310
-0.750 -0.690 3.930 -6.830 4.740 41.420
-0.350 -0.120 2.300 7.310 3.630 23.890
0.180 -0.310 3.570 2.400 -6.260 39.010
-0.050 -0.680 3.150 -5.260 -3.800 38.980
-0.290 -1.120 3.490 4.400 -4.930 34.330
-0.140 -0.530 3.050 -0.240 -7.560 39.680
-0.000 -0.530 3.030 -2.400 -4.460 38.520
