-0.680 1.410 -0.350 14.570 -19.620 11.090
-0.610 0.290 0.190 10.770 -12.860 0.090
-0.090 0.140 -0.010 14.290 -16.960 -3.280
0.380 -0.000 -0.700 9.430 -31.440 5.050
-0.430 0.110 -0.810 2.480 -39.420 -9.490
0.160 1.460 0.850 -18.330 -35.010 2.830
0.570 0.800 -0.450 -17.300 -38.470 5.090
0.480 0.610 -0.650 -21.780 -32.700 22.010
-0.780 0.600 0.310 5.370 -27.410 18.230
-2.040 1.310 -1.230 30.420 -20.820 25.980
-0.850 1.190 -1.150 13.190 -12.410 0.370
1.620 1.560 -0.300 10.020 -5.010 11.230
-0.270 1.260 -0.240 18.700 -21.370 24.360
-0.610 0.460 -0.930 3.280 -10.340 -4.220
0.520 1.230 -0.940 12.310 -3.260 10.200
0.000 3.180 -1.940 0.000 0.640 38.440
-0.520 1.230 -0.940 -12.310 -3.260 10.200
0.610 0.460 -0.930 -3.280 -10.340 -4.220
0.270 1.260 -0.240 -18.700 -21.370 24.360
-1.620 1.560 -0.300 -10.020 -5.010 11.230
0.850 1.190 -1.150 -13.190 -12.410 0.370
2.040 1.310 -1.230 -30.420 -20.820 25.980
0.780 0.600 0.310 -5.370 -27.410 18.230
-0.480 0.610 -0.650 21.780 -32.700 22.010
-0.570 0.800 -0.450 17.300 -38.470 5.090
-0.160 1.460 0.850 18.330 -35.010 2.830
0.430 0.110 -0.810 -2.480 -39.420 -9.490
-0.380 -0.000 -0.700 -9.430 -31.440 5.050
0.090 0.140 -0.010 -14.290 -16.960 -3.280
0.610 0.290 0.190 -10.770 -12.860 0.090
0.680 1.410 -0.350 -14.570 -19.620 11.090
