-0.340 0.190 3.380 -6.330 15.550 29.680
0.210 -0.720 3.210 0.600 1.950 33.260
0.310 0.100 3.330 10.900 6.850 38.920
-0.700 0.490 3.340 -2.090 0.590 38.090
0.430 -0.610 3.890 -5.870 2.860 36.680
-0.390 1.120 2.970 7.180 0.980 39.220
0.390 3.520 3.380 -0.260 -3.120 39.600
-0.890 1.010 2.280 -13.680 9.040 25.960
0.370 0.410 2.390 13.240 3.010 31.070
-2.540 0.990 3.670 -10.340 24.640 29.260
1.100 -0.960 3.340 -5.410 7.410 36.250
0.070 0.100 3.020 2.440 10.880 23.440
-2.270 -0.250 3.330 -5.930 12.320 32.300
1.400 -1.040 3.130 0.250 -1.800 35.180
0.370 1.280 3.760 5.630 1.480 43.230
-0.370 1.280 3.760 -5.630 1.480 43.230
-1.400 -1.040 3.130 -0.250 -1.800 35.180
2.270 -0.250 3.330 5.930 12.320 32.300
-0.070 0.100 3.020 -2.440 10.880 23.440
-1.100 -0.960 3.340 5.410 7.410 36.250
2.540 0.990 3.670 10.340 24.640 29.260
-0.370 0.410 2.390 -13.240 3.010 31.070
0.890 1.010 2.280 13.680 9.040 25.960
-0.390 3.520 3.380 0.260 -3.120 39.600
0.390 1.120 2.970 -7.180 0.980 39.220
-0.430 -0.610 3.890 5.870 2.860 36.680
0.700 0.490 3.340 2.090 0.590 38.090
-0.310 0.100 3.330 -10.900 6.850 38.920
-0.210 -0.720 3.210 -0.600 1.950 33.260
0.340 0.190 3.380 6.330 15.550 29.680
