0.605 -0.131 -0.368 9.235 -10.291 -10.890
0.495 -0.151 -0.233 2.743 -15.441 -0.066
-0.382 0.004 0.047 7.378 -16.799 2.024
0.232 -0.217 0.358 -0.854 -13.923 -0.682
-0.363 -0.231 0.348 -0.592 -13.353 1.263
0.274 -0.316 0.573 -9.499 -20.676 -4.430
-0.244 -0.444 0.097 -8.458 -0.347 -5.731
-0.233 -0.391 0.547 -13.149 -15.541 6.248
-0.169 -0.483 0.537 -9.779 -6.041 -2.461
0.742 -0.251 0.405 -6.277 -11.772 -2.092
-0.814 -0.297 0.061 12.831 -14.214 8.592
-0.278 -0.244 0.203 7.587 -14.126 -8.561
-0.179 -0.136 0.113 4.555 -11.972 -1.723
-0.349 -0.088 0.223 -0.822 -8.652 -0.420
0.369 -0.248 -0.106 -0.709 -12.106 -2.038
0.425 -0.226 -0.129 -6.643 -17.499 -5.546
-0.338 -0.228 0.231 -9.319 -16.201 10.112
0.454 0.115 0.634 9.556 -11.045 -1.747
-0.024 -0.426 0.512 7.697 -12.511 -4.300
0.422 -0.224 1.028 14.704 -17.018 6.336
0.265 -0.510 0.378 5.045 -6.326 -3.298
-0.309 -0.162 0.353 13.474 -18.608 3.671
-0.072 -0.043 0.456 0.444 -17.783 -4.845
-0.302 0.027 0.154 -2.592 -9.123 1.476
-0.190 -0.223 0.002 -6.829 -18.615 -1.751
-0.607 -0.060 0.114 -8.527 -12.353 -2.866
0.016 -0.025 -0.072 -9.391 -14.017 -5.589
