0.376 -0.031 3.376 -2.028 -7.373 41.877
0.309 -0.398 3.065 -0.218 -2.712 31.970
0.282 -0.562 3.441 0.410 -1.404 34.518
0.374 -0.558 3.241 1.645 -5.710 34.993
-0.117 -0.281 3.405 0.083 2.850 43.272
0.581 0.316 3.345 1.353 1.801 33.850
0.485 -0.613 3.393 -3.134 11.571 22.629
-0.405 -0.866 3.195 0.642 4.735 36.904
-0.208 -0.455 3.263 2.018 0.545 38.446
0.758 0.320 2.990 5.105 7.838 21.558
-0.796 -0.237 3.310 -2.930 -3.769 37.935
0.200 -0.498 3.353 3.923 -4.469 39.633
0.586 -1.019 3.379 -2.111 0.013 33.107
-0.521 -0.625 3.287 2.522 0.754 38.121
-0.190 -0.280 3.431 -1.779 -5.066 39.511
0.893 -0.327 3.217 -0.905 -2.915 30.186
-0.402 0.399 3.097 -3.942 2.947 37.712
0.394 -0.617 3.393 5.812 0.660 29.913
0.767 -0.575 3.078 -2.459 7.835 36.637
-0.692 -0.828 3.469 4.974 9.234 25.484
-0.185 0.403 2.990 2.032 7.381 33.438
-0.069 -0.304 3.614 -1.660 -5.046 37.758
-0.067 -0.675 3.280 2.019 1.715 36.615
-0.414 -0.703 3.332 -0.518 -2.195 32.769
-0.446 -0.349 3.242 -3.623 -3.863 36.379
-0.027 -0.414 3.182 1.107 -5.659 41.655
