0.200 -0.260 3.330 1.130 -6.430 38.920
0.130 -0.360 2.880 -6.570 -5.050 36.780
0.270 -0.990 3.420 5.790 -2.760 32.910
0.040 -0.320 3.610 2.330 -2.340 38.330
-0.080 -0.360 3.350 -1.980 4.450 38.490
0.410 0.540 3.140 -1.990 -0.290 36.150
0.030 -0.730 3.320 -2.700 10.240 25.180
0.100 -1.000 3.280 1.500 -0.090 38.630
-0.310 -0.130 2.820 12.650 5.980 24.110
0.620 0.030 3.380 -4.890 10.680 34.280
-0.660 -0.480 3.390 -2.900 -1.360 35.040
-0.060 -0.540 3.290 1.290 -6.410 37.870
0.010 -0.740 3.160 -0.160 -3.110 31.220
-0.050 -0.490 3.070 5.160 -2.050 39.130
0.230 -0.250 3.640 -2.430 -5.970 40.350
0.650 -0.770 3.090 0.280 1.130 27.030
-0.070 0.250 3.480 5.280 9.560 41.960
0.050 -0.470 2.620 -14.250 6.340 26.490
0.040 -0.670 3.190 -0.610 1.400 35.050
-0.730 -0.880 3.680 2.590 7.910 29.150
-0.480 0.380 2.820 -2.940 1.700 32.810
-0.100 -0.330 3.610 4.350 -2.480 40.480
0.130 -0.730 3.250 -6.880 -4.970 35.140
-0.080 -0.890 3.570 4.170 -4.200 33.770
-0.210 -0.470 3.080 -0.740 -5.090 35.320
0.130 -0.300 3.040 5.110 -6.970 45.530
