0.630 -0.160 0.010 14.590 -18.160 -5.870
0.060 -0.030 0.240 11.160 -13.040 -4.040
-1.040 -0.160 0.210 22.590 -17.650 -1.220
0.080 -0.260 0.350 4.680 -19.780 1.020
0.380 -0.030 0.610 0.970 -16.970 -4.050
0.100 -0.430 0.830 -21.580 -23.990 -3.150
-1.400 -0.530 -0.950 -22.730 -15.930 2.360
0.660 -0.300 0.100 -3.040 -14.900 -2.830
0.280 -0.300 -0.300 -0.240 -11.430 -4.690
0.010 0.000 -0.420 4.050 -16.700 -13.160
-0.220 -0.190 1.080 26.840 -10.780 7.740
-0.990 -0.170 0.400 9.780 -5.340 0.060
-1.530 0.080 -0.030 1.750 -15.870 1.250
-0.920 -0.200 0.410 -3.530 -15.630 -16.740
-0.020 0.110 -0.220 -1.890 -17.160 -4.420
0.530 -0.140 0.080 2.440 -15.640 5.310
0.030 0.010 0.540 -14.330 -11.170 11.750
-0.190 0.280 0.020 7.370 -14.510 15.690
0.500 -0.290 1.060 11.050 -8.450 1.280
-0.120 -0.460 0.940 -3.080 -15.310 -1.550
1.080 -0.970 1.680 -15.480 1.450 -1.180
-0.460 0.040 1.070 28.990 -21.250 5.020
-0.040 0.020 0.440 5.210 -21.600 -0.220
-0.050 -0.450 1.010 1.000 -8.460 -5.490
-0.220 -0.070 0.640 -11.130 -14.330 -1.010
-0.460 -0.130 0.440 -2.500 -5.990 0.450
0.440 -0.180 -0.040 -0.400 -20.450 -2.290
