0.430 -0.440 3.090 -1.010 -5.630 35.550
0.660 -0.550 2.900 2.650 -2.970 29.390
0.240 -0.370 3.760 1.330 -1.470 40.570
0.090 -0.460 3.320 -1.130 -2.870 36.100
-0.250 -0.500 3.540 -1.520 7.550 39.530
0.280 0.760 3.730 5.090 1.130 28.290
-0.000 -0.190 2.710 -11.810 7.010 36.620
-0.500 -0.970 3.140 7.990 10.810 31.460
-0.400 -0.140 3.210 1.090 2.440 30.410
1.190 0.170 2.780 -12.190 7.990 33.390
-0.740 -1.110 3.670 1.870 -3.610 29.200
0.120 -0.560 3.570 7.530 -5.130 33.570
-0.390 -0.030 3.420 -7.100 -2.740 42.790
0.370 -1.110 3.080 4.970 -2.950 39.110
0.630 0.030 3.230 -4.280 -6.310 39.380
0.690 -0.510 3.620 -1.560 -1.660 31.630
-0.220 0.780 2.840 4.850 9.570 33.400
-0.390 -0.220 3.120 -9.880 -1.600 34.100
0.090 -0.900 3.590 -1.500 3.770 29.540
-0.620 -1.370 3.510 -4.530 12.640 38.090
-0.360 0.180 2.270 7.800 -11.270 28.940
0.130 -0.310 3.830 2.910 0.640 38.060
-0.060 -0.550 3.060 -6.370 -1.050 37.520
-0.320 -1.310 3.550 2.860 -5.490 29.570
-0.370 -0.520 3.010 -0.510 -9.160 36.750
-0.000 -0.640 2.960 3.790 -3.750 41.450
