0.550 -1.700 3.150 1.230 -0.510 37.890
0.590 -0.250 3.520 -0.020 -4.830 41.970
-1.000 0.180 2.810 3.320 2.800 28.250
0.790 0.830 3.000 4.740 -6.650 42.390
-0.650 1.070 3.610 -0.110 3.940 33.730
0.530 -0.030 3.450 0.980 2.490 31.120
0.070 -0.330 3.290 -0.820 -1.590 39.110
0.820 -0.170 3.400 0.510 -0.330 36.990
-0.520 0.200 3.420 -0.250 2.070 37.640
-0.070 -0.790 3.590 -0.040 7.990 34.350
-0.370 0.410 2.900 5.970 6.420 28.690
-0.180 -0.620 3.370 -6.960 5.520 35.180
-0.310 -0.550 3.290 0.570 4.040 31.710
0.610 0.980 3.760 4.350 5.160 39.000
-1.060 0.340 3.070 -5.920 -5.770 31.800
1.000 1.050 3.180 11.750 4.990 41.550
-0.090 3.270 3.970 -0.220 -2.980 45.920
-0.380 2.450 2.990 -4.310 -6.270 41.890
0.610 0.420 2.830 -6.660 7.760 29.520
-0.350 -0.080 3.580 1.930 6.660 35.440
-0.540 -0.650 3.290 -1.130 3.710 29.710
0.890 -0.540 3.780 -1.150 8.710 40.330
-0.080 0.260 2.720 -2.350 7.160 28.250
-0.300 -0.030 3.920 0.170 -8.810 41.870
-0.370 -0.420 3.890 -5.050 3.060 33.580
-0.020 1.570 3.640 2.710 -21.190 46.450
-0.260 1.810 3.340 7.920 -9.060 40.250
-0.460 0.520 2.550 -10.000 4.940 38.920
-0.050 -0.350 3.050 6.210 -2.990 31.390
0.100 0.580 3.850 -0.180 11.790 39.360
0.540 0.910 3.210 -8.880 13.200 31.370
-0.800 -1.020 3.460 6.130 11.560 27.690
0.190 -0.550 3.490 -5.060 3.700 33.040
0.870 0.050 3.290 6.430 3.660 38.340
-0.100 0.610 3.230 -0.970 0.220 31.080
-0.400 0.420 3.120 6.710 4.950 33.520
-0.040 3.020 3.220 -0.880 -4.600 54.390
0.670 1.390 2.730 -11.330 -0.680 28.980
-1.330 0.960 3.340 -3.330 5.650 38.840
0.420 -0.160 3.000 2.860 4.320 28.320
0.040 0.180 3.900 -8.640 14.520 35.330
-0.270 -0.260 3.780 5.160 4.840 37.600
0.500 -0.480 2.880 -6.000 10.340 31.230
-0.970 -0.160 3.550 -3.690 -3.120 37.410
1.100 0.250 3.690 0.980 2.260 35.230
-1.860 0.940 3.110 3.680 -13.470 38.480
1.700 1.670 3.120 -2.500 -10.780 36.490
-0.580 -0.110 3.160 -5.410 -6.020 35.460
0.720 -0.800 3.410 8.500 2.620 34.910
-0.760 -0.740 3.550 4.510 16.650 26.330
0.200 0.320 2.540 -5.350 5.490 25.350
-0.400 -1.020 3.870 -0.470 15.400 36.410
-0.290 1.270 3.850 2.900 13.650 33.180
-0.940 0.090 2.760 -9.710 4.220 27.180
-0.220 0.110 3.490 5.190 -1.360 38.560
1.180 0.540 2.810 10.410 -0.240 30.700
0.340 1.720 3.200 1.620 -8.750 32.230
0.040 0.100 3.290 -7.970 -0.360 45.050
-0.090 -0.700 3.430 0.290 -4.890 40.430
1.000 -0.770 3.480 -0.460 -4.930 32.600
-0.750 0.080 3.340 3.120 12.150 36.290
0.960 -0.310 3.400 -1.360 -0.810 31.660
-0.780 0.250 3.250 0.080 13.160 35.700
0.320 -0.250 3.270 -0.400 2.150 30.810
0.480 0.240 3.120 -1.430 14.480 26.140
-0.920 1.340 3.450 2.050 -9.100 46.120
0.150 2.510 3.520 0.850 -13.600 48.880
0.260 0.390 3.410 -4.220 -5.710 32.490
0.540 0.770 3.180 2.490 0.810 41.060
0.650 0.280 3.690 6.870 14.480 27.500
-1.270 0.420 3.270 -6.750 0.670 39.050
-0.150 -0.610 3.390 -3.270 9.020 29.950
0.130 -0.740 3.010 1.660 2.390 30.870
-0.050 -0.190 4.040 -4.970 6.620 38.340
-0.570 -0.290 3.040 3.600 0.730 31.760
0.180 0.720 3.100 -1.320 2.720 34.030
0.080 0.750 3.280 6.570 -7.900 39.800
-0.680 2.000 3.440 -2.810 -5.780 43.590
1.070 1.360 3.360 2.610 -8.360 41.450
0.080 0.410 3.130 -7.530 7.160 34.640
-0.330 -0.440 3.320 3.920 5.430 30.580
0.300 -0.370 3.140 -3.090 11.260 34.690
0.130 -0.270 3.570 5.150 -2.790 36.990
-0.160 0.420 3.490 1.910 14.660 33.530
-0.310 -0.400 3.140 -2.580 -3.650 34.440
-0.210 -0.300 3.550 0.050 -2.170 37.810
-0.410 -0.040 3.310 -2.610 -3.940 41.910
0.350 0.980 3.430 5.170 -4.800 30.260
-1.770 1.090 2.930 -11.380 -8.450 41.480
0.370 -0.010 3.330 -3.280 5.700 30.030
0.080 -0.220 3.300 2.110 2.870 32.930
0.130 0.790 3.540 4.040 16.050 27.720
0.370 -0.410 3.280 -5.320 10.070 28.310
0.200 -0.520 3.340 0.840 6.560 35.430
0.290 -0.580 3.400 -1.080 10.160 27.630
-0.360 -0.840 3.280 1.610 3.600 33.950
0.550 0.480 3.400 6.130 4.280 34.660
-1.390 1.260 3.330 -5.150 -10.310 36.470
1.220 0.900 3.580 0.330 -3.100 39.500
-0.610 1.180 3.340 -1.560 -1.940 36.770
0.260 0.050 2.960 -6.210 -1.430 31.910
0.280 -0.320 3.120 9.710 5.100 36.870
0.350 -0.110 3.490 0.710 9.610 34.220
-0.160 0.070 3.500 -3.630 13.940 32.730
-1.000 -0.620 3.680 -0.050 9.320 29.530
0.990 0.970 2.930 11.730 2.390 41.340
-0.790 0.940 3.430 -3.150 9.490 28.040
-0.030 3.000 3.340 -5.300 -11.510 54.810
-0.150 0.500 3.400 -5.090 -3.900 34.310
0.080 0.630 3.390 5.560 9.160 32.620
-0.590 0.450 2.830 -13.330 1.330 39.210
0.270 -0.290 3.460 7.500 4.130 31.280
0.170 -0.470 3.550 -5.470 15.450 27.690
-0.260 0.670 3.690 7.210 11.430 34.490
0.630 0.480 3.100 -7.280 9.240 35.370
-0.080 -0.400 3.410 -5.530 -1.870 32.190
-0.000 0.340 2.910 6.320 -1.110 36.700
-0.110 2.150 3.070 2.790 -6.500 44.440
-0.760 1.950 3.410 -5.750 -24.390 44.220
1.220 -0.170 3.180 1.620 -1.790 34.320
0.330 -0.140 4.320 2.520 1.750 45.140
-0.200 0.420 2.970 8.900 8.570 25.060
-0.680 -0.310 3.550 -4.090 12.620 38.360
0.340 -0.240 3.150 -2.450 0.970 34.150
0.710 -0.040 3.260 1.960 9.700 30.420
-0.770 1.150 3.030 2.820 7.830 32.910
0.690 2.590 2.710 8.300 -7.080 42.970
-0.210 2.970 3.860 -11.750 -1.230 46.230
-0.320 1.040 3.630 -3.370 -3.060 33.330
0.990 0.270 3.690 4.680 -2.230 40.790
-0.210 0.830 3.060 3.250 4.320 30.650
-0.660 -0.280 3.200 -9.550 6.600 37.120
0.420 -0.540 3.120 10.700 6.690 33.910
0.620 1.190 3.530 -3.740 11.310 28.640
-0.470 0.630 3.300 -1.420 0.250 36.270
0.360 0.080 3.000 0.050 3.990 38.470
-0.870 0.200 3.570 3.730 -0.720 51.580
-0.200 -1.470 2.990 -2.520 0.550 19.630
-0.610 -0.040 3.390 -6.830 -0.230 36.100
0.430 0.370 3.790 4.580 -2.390 36.990
-0.750 -0.170 2.700 -5.420 -6.430 32.330
0.390 0.120 3.100 -4.950 9.110 36.330
-0.420 -0.600 3.930 4.120 3.820 36.490
-0.020 -0.000 3.470 -5.620 -8.580 44.740
