-0.870 -0.100 0.230 -12.920 -7.430 -19.160
0.140 0.150 0.440 -3.970 -10.920 1.450
1.000 -0.210 0.760 -7.290 -4.640 4.940
-0.550 0.170 0.260 3.950 -18.090 -1.920
1.360 -0.280 -0.330 25.800 -10.020 4.330
-0.170 -0.290 -0.120 18.470 -21.860 -1.920
-0.590 0.090 -0.220 12.760 -16.580 3.930
0.490 0.220 -0.120 11.030 -19.100 -2.500
0.080 0.090 0.040 3.330 -13.190 4.420
1.170 -0.390 0.310 3.480 -11.420 -4.960
0.330 -0.190 0.590 -16.330 -15.090 -2.600
0.020 0.040 -0.120 4.400 -9.530 -8.180
-0.040 -0.120 0.330 0.860 -13.160 0.050
0.430 -0.200 0.290 0.090 -15.150 -3.640
-0.380 -0.080 -0.360 -14.970 -4.250 1.180
-0.660 -0.060 0.510 -0.340 -15.410 -8.640
0.300 0.000 -0.510 6.600 -10.280 1.780
0.140 -0.170 -0.310 -13.150 -28.360 4.020
-0.140 0.080 -0.380 -3.920 -16.330 7.790
0.060 -0.080 0.430 13.900 -10.340 -2.140
0.220 -0.190 -0.260 6.360 -8.160 -0.710
-0.600 -0.120 -0.180 2.880 -3.220 -5.320
0.710 -0.020 0.710 -14.380 3.790 -0.050
-0.150 -0.200 1.030 10.200 -4.570 -5.270
0.250 -0.130 0.940 -9.510 -4.330 -6.590
-0.270 -0.210 1.780 -27.910 -12.950 -8.720
-0.070 -0.050 1.020 -25.280 -11.170 -4.900
-0.310 -0.070 -0.690 -20.550 -16.860 0.150
0.700 -0.070 0.070 4.660 -24.820 5.630
-0.370 -0.010 -0.880 4.980 -29.510 8.890
0.340 -0.260 -0.540 -11.870 -23.080 6.330
0.320 -0.040 0.250 -0.240 -3.000 0.780
-0.250 -0.220 -0.450 -1.310 -7.350 -6.880
-0.110 -0.060 0.530 -6.890 -13.260 2.790
0.340 0.090 -0.080 -8.790 -1.360 4.330
-0.520 -0.030 0.320 -2.340 -12.300 3.010
-0.570 0.250 -0.640 -1.450 -26.970 1.360
-0.050 0.280 -0.630 -10.150 -34.810 10.950
-0.720 -0.130 0.310 7.800 -9.010 4.870
0.000 -0.060 0.160 8.780 -21.810 2.400
-1.000 0.260 -0.440 12.010 -26.770 0.160
-0.290 -0.120 0.260 -8.220 -10.710 0.340
0.360 -0.030 -0.940 -15.520 -17.860 -3.120
-0.630 0.130 -0.100 -5.320 -4.440 2.660
0.550 -0.380 0.450 -5.710 -24.510 -4.430
0.430 -0.230 0.610 -15.030 5.460 1.160
0.410 0.020 -0.040 -7.640 -48.170 0.430
-0.670 0.220 0.410 0.700 -0.760 6.870
0.020 0.400 0.890 12.640 -3.150 1.340
1.170 -0.160 -0.030 10.410 -11.190 3.100
-0.460 -0.340 -0.780 -6.630 -12.540 -5.580
-1.150 0.260 -0.500 20.560 -10.770 6.350
0.290 0.230 -0.630 -2.240 -15.480 3.470
1.120 0.170 -0.640 -12.410 -13.980 6.390
-0.060 0.200 0.120 5.610 -15.170 -3.500
0.630 0.700 -0.010 4.880 -30.130 -0.320
-0.760 0.390 -0.620 7.500 -22.450 -0.650
-1.120 0.220 0.080 23.420 -28.540 3.460
0.380 0.270 0.870 19.100 -20.200 -1.060
0.250 0.010 0.480 8.320 -21.990 -4.600
-0.280 0.080 0.500 5.070 -10.070 5.050
0.470 -0.040 -0.440 6.470 -26.950 -6.690
0.090 -0.090 0.150 -1.840 -13.910 4.830
-0.190 -0.040 -0.040 -0.070 -15.420 5.340
0.180 -0.030 -0.310 3.370 -7.950 1.750
-1.010 0.070 0.290 18.950 -17.350 10.170
0.080 0.040 0.160 9.850 -38.770 5.780
0.270 -0.240 0.130 2.120 -20.120 -6.000
-0.080 -0.130 0.580 2.240 -15.100 -2.410
0.420 0.070 0.630 12.820 -13.100 2.330
-0.840 -0.080 -0.300 -3.450 -19.440 9.270
0.430 0.050 -0.270 0.190 -19.080 -0.690
0.120 -0.220 -0.210 -6.910 -12.790 -1.060
0.260 0.120 -0.320 6.950 -16.280 1.350
0.180 -0.140 0.670 -18.580 -6.840 -5.080
-0.280 0.040 0.260 -6.620 -8.210 -4.700
-0.580 0.060 0.410 2.230 -14.590 1.120
0.150 -0.010 -0.190 6.860 -18.930 -3.260
0.400 -0.140 -0.060 4.460 -41.230 -3.400
0.180 -0.250 -0.340 -2.030 -14.890 -2.650
-0.540 -0.080 0.580 5.030 -6.040 1.000
0.020 -0.190 0.230 10.400 -13.720 -1.310
-0.270 -0.330 0.810 10.720 -2.490 -4.470
0.150 -0.310 0.230 1.770 -11.730 -0.700
-0.010 -0.040 -0.040 -6.270 -19.550 4.110
0.070 0.030 0.000 -2.140 -14.210 2.740
-0.350 0.020 0.400 -17.670 -26.320 -1.630
0.510 0.120 0.340 -15.050 -15.060 -5.870
-0.370 -0.310 -0.780 -9.690 -3.950 1.030
0.390 -0.160 -0.120 6.760 -24.650 -5.160
-0.210 -0.070 -0.030 0.960 -8.270 0.220
-0.200 -0.160 -0.600 4.500 -11.490 -2.320
-0.330 -0.040 -1.000 5.660 -6.240 -9.470
-0.780 -0.190 -0.610 2.060 -12.730 -7.720
0.840 -0.320 -0.420 3.540 -8.150 -1.420
-0.250 -0.110 0.310 2.810 -12.600 0.740
0.150 -0.210 0.020 3.080 -6.970 -0.530
-0.300 -0.110 -0.220 1.190 -1.530 -0.300
-0.470 -0.110 0.010 7.680 -35.350 -1.440
-0.280 -0.220 -0.170 -2.420 -1.070 -3.100
-0.580 0.090 0.030 1.290 -30.490 10.970
-0.270 0.260 0.320 17.850 -7.580 -4.790
0.580 0.070 -0.720 21.740 -24.410 -1.130
0.410 0.000 -0.100 11.590 -20.410 8.910
-0.210 -0.350 0.770 1.530 -13.150 -1.750
-0.590 -0.140 0.330 -11.080 -21.970 -9.340
-0.300 0.160 -0.530 2.050 -11.450 1.700
-0.230 -0.090 -0.160 -2.750 -35.170 4.940
0.040 -0.130 -0.340 -7.570 -25.210 1.540
0.320 -0.320 -0.110 -7.450 0.060 -5.470
0.200 0.010 -0.900 -8.050 -7.330 0.110
0.280 -0.080 0.020 10.680 -5.020 1.810
0.220 -0.450 -1.250 10.070 -14.430 -0.620
-0.500 0.550 -0.240 4.470 -8.630 8.170
-0.230 0.380 -0.820 -6.310 -23.010 9.770
0.170 0.220 -0.140 -9.170 -15.530 18.740
0.140 0.070 0.660 -11.980 -14.940 11.090
-0.340 0.170 0.250 1.370 -9.790 7.220
0.400 0.130 0.240 16.750 -16.570 5.700
-0.130 -0.540 1.100 18.500 -25.580 -14.310
-0.280 -0.070 1.320 22.900 -4.280 -4.330
0.430 -0.310 1.080 -11.060 -9.690 -5.550
-0.640 -0.220 0.170 3.750 -13.120 0.140
-0.220 -0.010 -0.080 -9.680 -16.590 -8.220
0.170 -0.290 -0.000 -1.070 -16.830 -0.120
-0.170 0.260 0.070 -6.310 -15.910 12.860
0.700 0.230 -0.190 4.920 -27.210 16.120
0.180 -0.140 -0.860 17.660 -27.410 12.540
0.260 -0.300 0.720 5.310 -5.450 -5.850
-1.280 -0.260 1.110 -1.090 -8.570 -4.610
0.620 0.330 0.700 -3.660 -7.700 2.110
-1.200 0.680 0.060 -2.240 -14.240 12.620
-0.190 0.000 0.780 2.490 -11.510 -8.530
0.380 0.180 -0.360 9.150 -22.500 -5.280
-0.710 0.490 0.560 -1.870 -26.880 13.270
-0.380 0.170 0.380 2.530 -12.960 -4.450
0.410 0.550 0.620 11.400 -17.790 7.690
1.680 0.260 -0.200 -6.820 -21.830 8.220
-0.140 0.750 0.150 1.560 -13.810 1.100
0.430 -0.250 0.620 0.150 -28.780 -8.170
0.310 0.110 -0.030 -12.690 -11.180 1.290
-0.900 -0.100 0.150 11.380 -16.070 -9.670
0.230 0.220 0.750 24.060 -23.560 3.650
-0.290 -0.170 -0.350 -11.510 -20.400 -3.690
0.720 -0.420 -0.130 -7.240 -11.440 -6.380
