0.450 -0.090 3.310 0.350 0.730 42.570
-0.150 -0.300 2.900 -2.560 -8.390 35.540
0.480 -1.000 3.530 2.170 -0.430 35.960
0.180 -0.510 3.440 1.220 -2.550 38.000
-0.370 -0.290 3.450 0.210 2.420 38.760
0.610 0.600 3.210 1.130 -4.860 30.190
0.480 -0.580 3.240 -2.870 12.990 33.200
0.100 -0.770 3.530 2.050 6.580 30.320
-0.570 0.440 2.860 1.830 2.650 22.350
-0.170 -1.060 3.270 -0.430 7.780 42.640
-0.160 -0.580 3.100 -4.040 -7.180 31.490
-0.140 -0.490 3.410 6.770 -6.250 37.950
0.240 -0.520 3.070 -0.740 -0.600 40.800
-0.400 -0.190 3.260 1.610 -2.000 35.820
0.230 -0.510 3.250 -2.400 -10.630 32.410
0.610 -0.660 3.750 9.550 5.180 33.020
-0.030 -0.460 3.030 -3.300 7.300 36.740
1.130 0.730 3.320 2.780 9.150 27.410
0.010 -0.300 2.990 -13.350 11.360 31.720
-0.670 -0.650 3.470 -1.190 5.700 33.350
-0.600 0.350 2.800 -1.020 -1.620 31.800
0.210 -0.550 3.420 1.730 -1.230 37.430
-0.190 -0.540 3.390 -1.110 -0.750 41.620
-0.470 -0.730 3.330 2.930 -5.600 33.410
-0.090 -0.280 3.310 -1.650 -3.510 39.060
0.290 -0.350 2.940 1.330 -7.250 37.650
