-0.670 -0.320 -0.180 11.110 -15.900 -7.120
0.150 -0.020 0.070 5.390 -13.620 5.990
-0.180 -0.180 0.400 15.380 -9.320 -7.410
0.290 -0.130 0.210 2.910 -15.410 -2.670
0.290 -0.230 0.370 -8.020 -13.850 -2.530
0.560 -0.380 0.500 -21.260 -19.990 -3.120
-0.880 -0.520 0.240 -11.640 0.700 1.300
0.380 -0.110 0.610 -12.900 -12.600 1.010
-0.020 -0.180 0.550 -22.700 -12.810 3.070
-1.130 -0.060 0.180 0.910 -4.980 -1.050
0.550 -0.390 0.210 0.310 -8.810 -2.260
-0.300 -0.430 0.570 3.010 -8.540 -3.110
-0.760 -0.080 -0.060 -3.680 -14.380 5.030
0.310 0.070 0.060 2.630 -15.220 3.340
0.150 -0.270 -0.180 -1.640 -15.000 -5.310
-0.150 -0.130 -0.140 2.980 -2.600 -2.890
-1.080 -0.210 -0.930 -18.190 -8.280 -2.090
0.040 -0.100 -0.510 -7.510 -3.180 -0.790
-0.800 -0.260 -0.520 -0.710 1.310 5.220
-0.290 -0.170 0.610 9.670 -7.020 1.570
0.050 -0.250 0.590 -1.760 -2.930 1.810
-0.830 -0.300 0.850 16.440 -17.840 -5.750
-0.550 -0.160 0.500 6.980 -13.720 1.210
0.250 -0.000 0.340 -1.930 -10.690 2.480
0.070 -0.340 -0.110 -4.610 -21.420 -4.800
0.170 0.010 0.150 -8.590 -10.390 -1.760
1.020 -0.000 -0.090 0.330 -7.990 0.190
