-8.50e-01 -5.30e-01 3.07e+00 2.20e+00 1.20e+00 3.24e+01
7.60e-01 6.00e-02 3.46e+00 -7.00e-01 5.20e+00 3.69e+01
-1.00e-01 1.90e-01 3.34e+00 1.30e+00 6.60e+00 3.21e+01
-5.60e-01 2.80e-01 3.24e+00 -5.70e+00 2.50e+00 3.56e+01
5.80e-01 -5.10e-01 3.24e+00 3.00e+00 -2.10e+00 3.34e+01
4.00e-02 -1.50e-01 3.39e+00 -2.20e+00 -7.10e+00 4.13e+01
2.70e-01 -7.60e-01 3.35e+00 8.00e-01 -3.20e+00 3.30e+01
1.80e-01 -3.00e-01 3.24e+00 3.00e+00 -1.30e+00 3.95e+01
-1.60e-01 -0.00e+00 3.21e+00 8.00e-01 8.20e+00 2.80e+01
-4.50e-01 4.00e-01 3.25e+00 -5.00e+00 5.40e+00 3.70e+01
5.00e-01 -7.40e-01 3.39e+00 1.60e+00 4.20e+00 2.73e+01
4.30e-01 -5.00e-01 3.34e+00 4.00e-01 9.90e+00 3.44e+01
-6.10e-01 3.70e-01 3.44e+00 2.00e-01 1.04e+01 3.08e+01
1.60e-01 1.44e+00 3.27e+00 -3.00e-01 -7.70e+00 4.44e+01
-1.80e-01 2.50e-01 2.95e+00 4.30e+00 5.40e+00 2.66e+01
8.00e-02 2.47e+00 3.29e+00 -3.10e+00 -1.21e+01 4.74e+01
7.00e-01 -8.00e-02 3.53e+00 9.00e-01 -2.30e+00 3.33e+01
7.10e-01 -3.70e-01 3.53e+00 2.20e+00 -4.80e+00 4.06e+01
2.80e-01 -4.00e-01 3.15e+00 4.30e+00 -3.10e+00 3.27e+01
-1.50e-01 -7.90e-01 3.41e+00 -2.50e+00 1.07e+01 2.84e+01
-1.09e+00 -4.40e-01 2.98e+00 -3.00e+00 1.34e+01 2.88e+01
2.40e-01 -4.10e-01 3.59e+00 -3.20e+00 -2.60e+00 3.65e+01
-3.00e-02 -9.60e-01 3.11e+00 3.60e+00 1.83e+01 2.93e+01
-1.10e-01 -3.50e-01 3.06e+00 1.00e-01 1.10e+00 2.88e+01
1.10e-01 2.30e-01 3.39e+00 6.10e+00 8.40e+00 2.98e+01
3.00e-01 2.49e+00 3.09e+00 -2.60e+00 -9.80e+00 4.42e+01
-1.30e-01 2.90e-01 3.53e+00 -2.70e+00 -1.60e+00 3.64e+01
2.30e-01 -3.00e-01 3.60e+00 4.90e+00 -7.70e+00 4.05e+01
3.60e-01 -1.80e-01 3.24e+00 6.00e-01 2.70e+00 3.29e+01
-3.80e-01 -1.00e-02 3.77e+00 2.00e-01 8.30e+00 3.51e+01
-1.60e-01 -4.60e-01 2.75e+00 -2.90e+00 6.30e+00 2.99e+01
2.10e-01 -3.80e-01 3.23e+00 -1.39e+01 5.90e+00 3.10e+01
-5.40e-01 -8.30e-01 3.39e+00 8.30e+00 5.30e+00 2.97e+01
5.30e-01 -2.90e-01 3.61e+00 2.70e+00 5.40e+00 3.63e+01
-5.00e-02 -4.50e-01 2.96e+00 -2.20e+00 1.90e+00 3.40e+01
7.00e-02 -2.20e-01 3.66e+00 2.30e+00 -2.90e+00 3.99e+01
-1.60e-01 -1.30e-01 2.99e+00 -5.00e-01 2.00e-01 2.89e+01
-4.80e-01 2.55e+00 3.40e+00 -2.60e+00 -1.98e+01 5.03e+01
9.60e-01 8.90e-01 3.43e+00 2.70e+00 7.60e+00 2.87e+01
-1.21e+00 9.20e-01 3.21e+00 -5.70e+00 -1.40e+00 3.72e+01
-1.00e-02 -1.60e-01 3.39e+00 -1.00e-01 4.70e+00 3.42e+01
3.30e-01 2.70e-01 2.99e+00 1.30e+00 9.00e+00 3.33e+01
2.20e-01 -4.80e-01 3.25e+00 4.60e+00 8.90e+00 2.85e+01
1.33e+00 1.70e-01 3.40e+00 2.00e+00 1.71e+01 3.29e+01
-1.77e+00 8.90e-01 3.25e+00 -6.50e+00 2.90e+00 3.85e+01
6.20e-01 9.50e-01 3.37e+00 2.60e+00 -2.70e+00 4.03e+01
-1.13e+00 5.40e-01 3.31e+00 -5.60e+00 -4.10e+00 3.51e+01
1.33e+00 9.90e-01 3.13e+00 6.90e+00 -1.50e+00 4.22e+01
-1.20e+00 4.40e-01 3.45e+00 -6.00e+00 -2.90e+00 3.41e+01
-1.30e-01 2.10e-01 3.55e+00 5.00e-01 4.30e+00 3.75e+01
7.50e-01 -3.30e-01 2.85e+00 3.70e+00 6.20e+00 2.59e+01
-3.80e-01 -1.90e-01 3.24e+00 -4.20e+00 9.00e+00 3.23e+01
3.00e-01 3.90e-01 3.89e+00 7.40e+00 1.28e+01 3.38e+01
8.00e-01 1.18e+00 3.26e+00 3.40e+00 2.46e+01 2.55e+01
-1.04e+00 5.10e-01 2.82e+00 -1.03e+01 -1.80e+00 2.42e+01
-3.50e-01 -1.00e-02 3.37e+00 3.00e+00 8.20e+00 3.83e+01
1.52e+00 6.30e-01 3.02e+00 2.30e+00 -1.32e+01 3.29e+01
-1.33e+00 1.13e+00 4.04e+00 -1.70e+00 -3.20e+00 4.27e+01
1.54e+00 6.00e-01 3.75e+00 6.40e+00 -1.24e+01 3.69e+01
-1.25e+00 8.30e-01 3.36e+00 -6.80e+00 7.60e+00 3.58e+01
-3.40e-01 -4.70e-01 3.13e+00 -2.70e+00 -6.00e-01 3.03e+01
1.40e-01 6.30e-01 3.58e+00 1.00e+00 1.04e+01 3.73e+01
-2.00e-01 -4.10e-01 2.94e+00 -5.00e+00 4.20e+00 3.14e+01
-2.60e-01 1.00e-01 3.44e+00 -4.00e-01 8.90e+00 3.28e+01
4.90e-01 2.10e-01 3.06e+00 3.70e+00 5.40e+00 3.12e+01
7.70e-01 1.00e+00 3.30e+00 4.90e+00 9.70e+00 3.61e+01
-1.05e+00 1.59e+00 3.43e+00 -5.50e+00 -4.60e+00 4.17e+01
1.03e+00 1.20e+00 3.44e+00 2.80e+00 -6.90e+00 3.91e+01
-8.00e-01 5.40e-01 3.32e+00 -2.20e+00 -2.70e+00 3.47e+01
8.80e-01 1.78e+00 3.46e+00 4.60e+00 -4.00e+00 4.45e+01
2.20e-01 3.30e-01 3.11e+00 -2.80e+00 8.60e+00 2.74e+01
-5.80e-01 0.00e+00 3.40e+00 -3.70e+00 5.40e+00 3.55e+01
-1.50e-01 -2.40e-01 3.29e+00 -2.80e+00 4.50e+00 3.64e+01
-1.10e-01 -9.70e-01 3.16e+00 3.70e+00 7.20e+00 2.87e+01
-3.00e-01 -1.60e-01 3.35e+00 3.00e-01 6.20e+00 3.14e+01
2.00e-01 1.30e-01 3.24e+00 1.90e+00 7.80e+00 3.03e+01
-9.20e-01 1.77e+00 3.50e+00 -3.20e+00 -3.40e+00 4.45e+01
1.09e+00 5.60e-01 3.21e+00 5.00e-01 -5.30e+00 3.32e+01
-1.28e+00 1.21e+00 3.46e+00 -2.20e+00 -6.70e+00 3.95e+01
1.34e+00 1.60e+00 3.41e+00 5.20e+00 -5.60e+00 4.29e+01
-7.10e-01 8.70e-01 3.20e+00 -6.80e+00 7.20e+00 3.58e+01
-4.40e-01 1.00e-01 3.41e+00 1.10e+00 7.50e+00 3.28e+01
3.90e-01 2.00e-01 3.28e+00 2.30e+00 9.20e+00 3.21e+01
-1.30e-01 -3.70e-01 3.36e+00 -3.40e+00 7.60e+00 3.04e+01
-4.60e-01 6.50e-01 3.41e+00 -1.70e+00 9.10e+00 3.62e+01
9.00e-02 -4.30e-01 3.22e+00 2.00e-01 -1.00e-01 2.85e+01
8.70e-01 5.10e-01 3.55e+00 2.70e+00 5.10e+00 3.58e+01
-1.32e+00 4.60e-01 3.33e+00 -3.50e+00 -7.80e+00 3.66e+01
4.90e-01 1.92e+00 3.70e+00 1.20e+00 -8.80e+00 4.56e+01
-3.30e-01 1.66e+00 3.54e+00 -1.70e+00 -9.90e+00 4.10e+01
9.00e-02 2.30e-01 3.14e+00 -3.10e+00 3.90e+00 3.26e+01
5.40e-01 1.00e-02 3.32e+00 2.30e+00 1.04e+01 3.13e+01
-3.00e-02 5.50e-01 3.23e+00 1.50e+00 1.17e+01 3.00e+01
-4.00e-02 -3.90e-01 3.79e+00 2.60e+00 2.21e+01 2.51e+01
8.00e-02 -5.10e-01 3.04e+00 -4.60e+00 5.40e+00 3.25e+01
-4.80e-01 -5.20e-01 2.96e+00 -1.00e+00 5.50e+00 2.40e+01
-3.60e-01 5.50e-01 3.36e+00 -4.00e+00 -3.00e-01 4.20e+01
1.28e+00 2.60e-01 3.52e+00 1.02e+01 2.40e+00 3.23e+01
-1.42e+00 1.32e+00 3.21e+00 -7.70e+00 -5.50e+00 4.17e+01
9.80e-01 3.70e-01 3.32e+00 -1.90e+00 -2.70e+00 3.59e+01
-8.30e-01 4.30e-01 3.19e+00 -1.30e+00 -3.50e+00 3.61e+01
1.59e+00 7.60e-01 3.55e+00 7.60e+00 1.00e+00 3.87e+01
-1.42e+00 2.30e-01 3.47e+00 -6.80e+00 1.28e+01 3.28e+01
-7.40e-01 -2.90e-01 2.99e+00 -2.80e+00 9.60e+00 3.02e+01
0.00e+00 8.00e-02 3.32e+00 2.00e-01 9.50e+00 3.02e+01
-2.10e-01 2.00e-02 3.33e+00 -2.00e-01 5.30e+00 4.03e+01
1.18e+00 6.60e-01 3.22e+00 5.60e+00 -2.00e+00 3.39e+01
-1.06e+00 9.30e-01 3.13e+00 -0.00e+00 7.10e+00 3.00e+01
8.50e-01 2.32e+00 3.41e+00 2.20e+00 -1.68e+01 4.77e+01
8.00e-02 -5.00e-02 2.92e+00 -1.20e+00 2.40e+00 3.47e+01
-2.30e-01 -2.10e-01 3.91e+00 4.50e+00 1.30e+00 3.69e+01
1.70e-01 -3.40e-01 3.00e+00 -4.00e+00 -3.80e+00 3.29e+01
8.00e-02 4.00e-02 3.67e+00 1.90e+00 4.10e+00 3.87e+01
3.40e-01 -6.90e-01 3.10e+00 -4.00e+00 1.45e+01 2.42e+01
2.00e-02 1.80e-01 3.18e+00 1.80e+00 7.10e+00 3.44e+01
3.30e-01 -1.00e-01 3.24e+00 2.80e+00 5.30e+00 3.59e+01
-2.50e-01 -2.00e-01 3.26e+00 -1.80e+00 1.20e+00 3.15e+01
-1.40e-01 -4.90e-01 3.58e+00 -9.00e-01 7.00e-01 3.58e+01
-5.00e-02 -2.00e-02 3.38e+00 2.80e+00 -6.50e+00 3.92e+01
-3.40e-01 2.50e-01 3.15e+00 1.20e+00 -2.90e+00 3.52e+01
-7.00e-02 2.29e+00 3.34e+00 -2.40e+00 -1.17e+01 4.25e+01
5.00e-02 0.00e+00 3.33e+00 -6.00e-01 1.00e+01 2.89e+01
-7.00e-02 -4.70e-01 3.23e+00 -3.30e+00 2.20e+00 3.00e+01
3.30e-01 -8.30e-01 3.00e+00 5.00e-01 1.35e+01 3.36e+01
-3.30e-01 -3.60e-01 3.82e+00 6.90e+00 6.70e+00 3.03e+01
1.39e+00 -1.30e-01 2.80e+00 0.00e+00 1.06e+01 2.45e+01
4.30e-01 -2.00e-02 3.44e+00 -7.90e+00 7.10e+00 3.52e+01
-8.50e-01 -8.00e-01 3.17e+00 4.00e+00 -4.10e+00 3.49e+01
1.70e-01 -6.00e-01 3.79e+00 -3.00e+00 -3.50e+00 3.83e+01
-6.10e-01 -3.70e-01 3.20e+00 -3.00e+00 2.70e+00 3.31e+01
-3.10e-01 2.52e+00 3.32e+00 3.10e+00 -1.77e+01 4.68e+01
6.00e-02 3.70e-01 2.73e+00 -1.00e-01 8.00e+00 2.97e+01
1.00e-02 1.94e+00 3.78e+00 -6.00e-01 -1.50e+00 4.29e+01
2.70e-01 5.70e-01 2.94e+00 -4.60e+00 6.80e+00 2.93e+01
-4.00e-01 -2.90e-01 3.39e+00 -2.80e+00 1.51e+01 3.42e+01
-5.70e-01 -4.80e-01 3.26e+00 2.00e-01 5.10e+00 2.92e+01
-2.30e-01 8.00e-02 3.32e+00 -6.00e-01 9.90e+00 3.60e+01
8.80e-01 1.70e-01 3.30e+00 -2.00e-01 4.20e+00 3.10e+01
-8.00e-02 -2.20e-01 3.34e+00 -2.40e+00 1.70e+00 3.44e+01
-1.10e-01 -5.50e-01 3.13e+00 -1.00e-01 -1.00e-01 3.19e+01
-1.80e-01 2.00e-01 3.60e+00 -2.50e+00 -8.90e+00 4.34e+01
-2.90e-01 -6.00e-01 3.22e+00 2.00e-01 -3.00e-01 3.21e+01
2.90e-01 -5.00e-02 3.14e+00 3.10e+00 0.00e+00 3.51e+01
1.05e+00 5.40e-01 3.43e+00 7.70e+00 4.30e+00 3.45e+01
-8.30e-01 4.00e-02 3.15e+00 -5.90e+00 5.80e+00 3.28e+01
9.30e-01 -8.60e-01 3.30e+00 2.10e+00 1.20e+00 3.38e+01
